"Di"	"SName"	"monoculture"	"sd"	"mean"	"CV"	"TS"	"Id"	"monoculture_relative"	"site"	"persists"
5.91164313584738	"AVir"	6.9e-05	0.000208042827758657	6.27272727272727e-05	3.3166247903554	0.301511344577764	0	1.53122092899396e-05	"GrandeDixence"	FALSE
5.66081750476897	"PMon"	1.477949	0.571628782663269	1.49979090909091	0.381138983573223	2.62371482083749	1	0.327980643592129	"GrandeDixence"	TRUE
5.59937170768693	"TBac"	0.651411	0.588693222028093	0.694237272727273	0.847971212659679	1.17928531661291	2	0.144558573416939	"GrandeDixence"	TRUE
5.45088151904219	"AAlb"	1.34642	0.144799826192764	1.35650363636364	0.106744886125722	9.36813028047287	3	0.298792243944354	"GrandeDixence"	TRUE
5.43859590321483	"PCem"	0.901433	0.471161476095365	0.847371818181818	0.556026842037682	1.79847432605102	4	0.200042474737074	"GrandeDixence"	TRUE
5.12023310117073	"LDec"	0.002759	0.00434465837133789	0.00250818181818182	1.73219434884802	0.577302426061512	5	0.000612266455520917	"GrandeDixence"	FALSE
4.66257804432037	"BPen"	0	0	0	NA	NA	6	0	"GrandeDixence"	FALSE
4.54173654409529	"QRob"	0	0	0	NA	NA	7	0	"GrandeDixence"	FALSE
4.54005779679717	"PAbi"	0	0	0	NA	NA	8	0	"GrandeDixence"	FALSE
4.32814443523422	"PSyl"	0	0	0	NA	NA	9	0	"GrandeDixence"	FALSE
4.25789614695819	"PNig"	0	0	0	NA	NA	10	0	"GrandeDixence"	FALSE
4.20036271601683	"AInc"	0.001964	0.00321837649642289	0.00178545454545455	1.80255302752809	0.554768700131577	11	0.000435843174571613	"GrandeDixence"	FALSE
4.13823208797057	"UGla"	0.107268	0.0588898912300822	0.110740909090909	0.531780818069124	1.8804739960929	12	0.0238044937117861	"GrandeDixence"	TRUE
4.10423678579605	"TPla"	0.002518	0.00395178555730306	0.00228909090909091	1.72635588285678	0.579254839590315	13	0.000558784681044461	"GrandeDixence"	FALSE
4.08238233777311	"AGlu"	0	0	0	NA	NA	14	0	"GrandeDixence"	FALSE
4.08073778979974	"QPub"	0	0	0	NA	NA	15	0	"GrandeDixence"	FALSE
4.02463010421773	"SAri"	0	0	0	NA	NA	16	0	"GrandeDixence"	FALSE
3.96304498896519	"PTre"	0	0	0	NA	NA	17	0	"GrandeDixence"	FALSE
3.96011541644128	"APla"	0	0	0	NA	NA	18	0	"GrandeDixence"	FALSE
3.91611390270515	"TCor"	0	0	0	NA	NA	19	0	"GrandeDixence"	FALSE
3.90985874801175	"SAlb"	0.001853	0.00308359648344709	0.00168454545454545	1.83052138790707	0.546292442473645	20	0.00041121049006171	"GrandeDixence"	FALSE
3.86628219362894	"QPet"	0	0	0	NA	NA	21	0	"GrandeDixence"	FALSE
3.86108071747658	"CAve"	0	0	0	NA	NA	22	0	"GrandeDixence"	FALSE
3.8505448569429	"SAuc"	0	0	0	NA	NA	23	0	"GrandeDixence"	FALSE
3.84390347447605	"FSyl"	0	0	0	NA	NA	24	0	"GrandeDixence"	FALSE
3.70032665350851	"ACam"	0	0	0	NA	NA	25	0	"GrandeDixence"	FALSE
3.63557912119768	"CSat"	0.012564	0.0109701602706449	0.0114218181818182	0.960456566197821	1.04117149613409	26	0.002788153587229	"GrandeDixence"	FALSE
3.51845846677564	"APse"	0	0	0	NA	NA	27	0	"GrandeDixence"	FALSE
3.50445226944713	"FExc"	0	0	0	NA	NA	28	0	"GrandeDixence"	FALSE
3.4407273141339	"CBet"	0	0	0	NA	NA	29	0	"GrandeDixence"	FALSE
5.91164313584738	"AVir"	0.000838	0.00148024875059443	0.000761818181818182	1.94304728598314	0.514655514157507	0	8.67080223234873e-05	"Bever"	FALSE
5.66081750476897	"PMon"	1.831032	0.629891699571514	1.83547909090909	0.343175633376208	2.91395980000638	1	0.189457235717207	"Bever"	TRUE
5.59937170768693	"TBac"	1.098141	0.722031893994618	1.16087636363636	0.621971397309618	1.60779097612136	2	0.113624861983695	"Bever"	TRUE
5.45088151904219	"AAlb"	1.473265	0.162766989103498	1.48841272727273	0.109356085258517	9.14443853431667	3	0.152439014926507	"Bever"	TRUE
5.43859590321483	"PCem"	1.310945	0.110702849868876	1.30976090909091	0.0845214184516422	11.8313206086589	4	0.135643733084563	"Bever"	TRUE
5.12023310117073	"LDec"	1.00034	0.209486593131442	0.951837272727273	0.220086562203228	4.54366677360611	5	0.103505373569305	"Bever"	TRUE
4.66257804432037	"BPen"	0	0	0	NA	NA	6	0	"Bever"	FALSE
4.54173654409529	"QRob"	0	0	0	NA	NA	7	0	"Bever"	FALSE
4.54005779679717	"PAbi"	0	0	0	NA	NA	8	0	"Bever"	FALSE
4.32814443523422	"PSyl"	0	0	0	NA	NA	9	0	"Bever"	FALSE
4.25789614695819	"PNig"	0	0	0	NA	NA	10	0	"Bever"	FALSE
4.20036271601683	"AInc"	0.384412	0.439899925842644	0.365991818181818	1.20193923467467	0.831988815366922	11	0.0397751841019289	"Bever"	TRUE
4.13823208797057	"UGla"	0.17981	0.0799437575367265	0.186870909090909	0.427802047550565	2.33752971900351	12	0.0186049755298165	"Bever"	TRUE
4.10423678579605	"TPla"	1.232378	0.678122289566766	1.20672545454545	0.561952420090615	1.77951008706173	13	0.127514390375865	"Bever"	TRUE
4.08238233777311	"AGlu"	0	0	0	NA	NA	14	0	"Bever"	FALSE
4.08073778979974	"QPub"	0	0	0	NA	NA	15	0	"Bever"	FALSE
4.02463010421773	"SAri"	0	0	0	NA	NA	16	0	"Bever"	FALSE
3.96304498896519	"PTre"	0	0	0	NA	NA	17	0	"Bever"	FALSE
3.96011541644128	"APla"	0	0	0	NA	NA	18	0	"Bever"	FALSE
3.91611390270515	"TCor"	0.094391	0.121073980614409	0.0886072727272727	1.36641132141677	0.731844053343431	19	0.00976665505386193	"Bever"	TRUE
3.90985874801175	"SAlb"	0.859535	0.371646163844052	0.82059	0.452901161169466	2.20798727346566	20	0.088936252944891	"Bever"	TRUE
3.86628219362894	"QPet"	0	0	0	NA	NA	21	0	"Bever"	FALSE
3.86108071747658	"CAve"	0	0	0	NA	NA	22	0	"Bever"	FALSE
3.8505448569429	"SAuc"	0	0	0	NA	NA	23	0	"Bever"	FALSE
3.84390347447605	"FSyl"	0	0	0	NA	NA	24	0	"Bever"	FALSE
3.70032665350851	"ACam"	0	0	0	NA	NA	25	0	"Bever"	FALSE
3.63557912119768	"CSat"	0.199532	0.0209592308151715	0.198778181818182	0.105440298444537	9.48403992355933	26	0.0206456146900359	"Bever"	TRUE
3.51845846677564	"APse"	0	0	0	NA	NA	27	0	"Bever"	FALSE
3.50445226944713	"FExc"	0	0	0	NA	NA	28	0	"Bever"	FALSE
3.4407273141339	"CBet"	0	0	0	NA	NA	29	0	"Bever"	FALSE
5.91164313584738	"AVir"	0.098237	0.0467115555296545	0.09135	0.511347077500323	1.95561888197037	0	0.00716753329294663	"Davos"	TRUE
5.66081750476897	"PMon"	2.145289	0.159143413424382	2.13334181818182	0.0745981783453786	13.4051530771991	1	0.156523818220143	"Davos"	TRUE
5.59937170768693	"TBac"	1.484641	0.0838083801841493	1.48625090909091	0.0563891195433564	17.7339176085401	2	0.108321852210202	"Davos"	TRUE
5.45088151904219	"AAlb"	1.606998	0.110493783922239	1.59805363636364	0.0691427255055516	14.4628374523609	3	0.117249220423045	"Davos"	TRUE
5.43859590321483	"PCem"	1.37741	0.0903763403069229	1.36426545454545	0.0662454216705461	15.0953828171437	4	0.100498101866279	"Davos"	TRUE
5.12023310117073	"LDec"	1.062693	0.284564498558763	1.00735	0.282488210213692	3.53997074512786	5	0.0775358312823207	"Davos"	TRUE
4.66257804432037	"BPen"	0	0	0	NA	NA	6	0	"Davos"	FALSE
4.54173654409529	"QRob"	0	0	0	NA	NA	7	0	"Davos"	FALSE
4.54005779679717	"PAbi"	0	0	0	NA	NA	8	0	"Davos"	FALSE
4.32814443523422	"PSyl"	0.000204	0.000615083142938638	0.000185454545454545	3.3166247903554	0.301511344577764	9	1.48841759394232e-05	"Davos"	FALSE
4.25789614695819	"PNig"	0.000451	0.00135981616404571	0.00041	3.3166247903554	0.301511344577764	10	3.29057026896071e-05	"Davos"	FALSE
4.20036271601683	"AInc"	1.745483	0.493579025633641	1.65024363636364	0.29909463957774	3.34342334390143	11	0.127353314074863	"Davos"	TRUE
4.13823208797057	"UGla"	0.1945	0.0231956336408385	0.19308	0.12013483344126	8.32398040897063	12	0.0141910402951853	"Davos"	TRUE
4.10423678579605	"TPla"	1.794641	0.458752416284942	1.70203454545455	0.269531789181416	3.71013750562432	13	0.130939962706384	"Davos"	TRUE
4.08238233777311	"AGlu"	0.000237	0.0007145818866493	0.000215454545454545	3.3166247903554	0.301511344577764	14	1.72919102825651e-05	"Davos"	FALSE
4.08073778979974	"QPub"	0	0	0	NA	NA	15	0	"Davos"	FALSE
4.02463010421773	"SAri"	0.000437	0.00131760457580483	0.000397272727272727	3.3166247903554	0.301511344577764	16	3.18842396349408e-05	"Davos"	FALSE
3.96304498896519	"PTre"	0.000339	0.000571793033122364	0.000314545454545455	1.81783912264335	0.550103684943188	17	2.47339982522767e-05	"Davos"	FALSE
3.96011541644128	"APla"	0	0	0	NA	NA	18	0	"Davos"	FALSE
3.91611390270515	"TCor"	0.886833	0.481066908238156	0.817787272727273	0.588254334937038	1.69994497381313	19	0.0647047960827767	"Davos"	TRUE
3.90985874801175	"SAlb"	1.089254	0.300515508878267	1.03179818181818	0.291254156262142	3.43342739837146	20	0.0794737655819629	"Davos"	TRUE
3.86628219362894	"QPet"	0.000417	0.000853679735561932	0.000379090909090909	2.2519129715063	0.44406689452617	21	3.04250066997032e-05	"Davos"	FALSE
3.86108071747658	"CAve"	0	0	0	NA	NA	22	0	"Davos"	FALSE
3.8505448569429	"SAuc"	0	0	0	NA	NA	23	0	"Davos"	FALSE
3.84390347447605	"FSyl"	0	0	0	NA	NA	24	0	"Davos"	FALSE
3.70032665350851	"ACam"	0.000218	0.000657294731179525	0.000198181818181818	3.3166247903554	0.301511344577764	25	1.59056389940895e-05	"Davos"	FALSE
3.63557912119768	"CSat"	0.217549	0.0211341747370978	0.215752727272727	0.097955539214958	10.208713136738	26	0.0158727332913998	"Davos"	TRUE
3.51845846677564	"APse"	0	0	0	NA	NA	27	0	"Davos"	FALSE
3.50445226944713	"FExc"	0	0	0	NA	NA	28	0	"Davos"	FALSE
3.4407273141339	"CBet"	0	0	0	NA	NA	29	0	"Davos"	FALSE
5.91164313584738	"AVir"	0.998502	0.0609646637442916	0.990623636363636	0.0615417011127249	16.2491445949522	0	0.0262746094050967	"Adelboden"	TRUE
5.66081750476897	"PMon"	2.364775	0.20411037648114	2.36730454545455	0.0862205823382766	11.5981587328721	1	0.0622267551351299	"Adelboden"	TRUE
5.59937170768693	"TBac"	1.756761	0.0533314211494329	1.74986272727273	0.0304774885013714	32.8111025275263	2	0.0462274578249288	"Adelboden"	TRUE
5.45088151904219	"AAlb"	1.251763	0.162972428426629	1.24601545454545	0.130794869222614	7.64555984453785	3	0.032938926404506	"Adelboden"	TRUE
5.43859590321483	"PCem"	1.539523	0.0680361791188402	1.52728909090909	0.0445470209430638	22.448190223048	4	0.040511051049635	"Adelboden"	TRUE
5.12023310117073	"LDec"	1.374772	0.0631502285031495	1.37158	0.0460419578173708	21.7193196685202	5	0.036175788652465	"Adelboden"	TRUE
4.66257804432037	"BPen"	0.632084	0.241562452026574	0.596260909090909	0.405128775580598	2.46835095474737	6	0.0166326759597989	"Adelboden"	TRUE
4.54173654409529	"QRob"	0.150803	0.0932965080901648	0.140672727272727	0.663216743564568	1.50780270507849	7	0.00396823433715385	"Adelboden"	TRUE
4.54005779679717	"PAbi"	0.390505	0.190145769704097	0.363411818181818	0.523223957480012	1.91122746904838	8	0.0102757594333685	"Adelboden"	TRUE
4.32814443523422	"PSyl"	1.15889	0.129306403617004	1.15104181818182	0.112338580210106	8.90166137162948	9	0.0304950636988934	"Adelboden"	TRUE
4.25789614695819	"PNig"	2.278502	0.239465498118395	2.26704090909091	0.105629103188271	9.46708785567955	10	0.0599565650131212	"Adelboden"	TRUE
4.20036271601683	"AInc"	3.025863	0.124071755155123	3.02195545454545	0.0410567783083966	24.3565141056255	11	0.0796226431577844	"Adelboden"	TRUE
4.13823208797057	"UGla"	0.020232	0.00977842011778999	0.01842	0.530858855471769	1.88373988621007	12	0.000532385410829338	"Adelboden"	FALSE
4.10423678579605	"TPla"	2.536046	0.123610390347326	2.52477727272727	0.0489589286479125	20.4252835512698	13	0.0667335849936783	"Adelboden"	TRUE
4.08238233777311	"AGlu"	1.650978	0.191964861803593	1.64115454545455	0.116969399582308	8.5492445337922	14	0.0434438810201759	"Adelboden"	TRUE
4.08073778979974	"QPub"	0.003237	0.00428910967663242	0.00294272727272727	1.45752877488281	0.68609280120758	15	8.51785080493558e-05	"Adelboden"	FALSE
4.02463010421773	"SAri"	0.028579	0.00297802649722628	0.0283227272727273	0.10514617708069	9.51056926427852	16	0.000752028601032605	"Adelboden"	FALSE
3.96304498896519	"PTre"	2.350075	0.166054139982882	2.34973363636364	0.07066934626678	14.1504068287961	17	0.061839938926194	"Adelboden"	TRUE
3.96011541644128	"APla"	2.147687	0.545197635658183	2.04402454545455	0.266727538507588	3.7491441850934	18	0.0565142954640089	"Adelboden"	TRUE
3.91611390270515	"TCor"	3.006879	0.142543869559834	3.00456090909091	0.0474424962158492	21.0781489121125	19	0.0791230976536729	"Adelboden"	TRUE
3.90985874801175	"SAlb"	2.174183	0.0712504154756627	2.16832363636364	0.0328596775318801	30.4324349814392	20	0.0572115119450951	"Adelboden"	TRUE
3.86628219362894	"QPet"	1.803575	0.129234247656234	1.81457454545455	0.0712201369626624	14.0409727170878	21	0.0474593227232366	"Adelboden"	TRUE
3.86108071747658	"CAve"	1.492018	0.548934481187294	1.39259181818182	0.394181894522394	2.53689987768626	22	0.0392610031581044	"Adelboden"	TRUE
3.8505448569429	"SAuc"	1.468347	0.561995498471134	1.38235272727273	0.406549997973315	2.45972206367011	23	0.0386381238056063	"Adelboden"	TRUE
3.84390347447605	"FSyl"	1.255732	0.739657621968681	1.16763181818182	0.633468196439217	1.57861121619221	24	0.0330433667809187	"Adelboden"	TRUE
3.70032665350851	"ACam"	0.416383	0.048258674886679	0.414547272727273	0.116412959538219	8.59010890167856	25	0.0109567138452626	"Adelboden"	TRUE
3.63557912119768	"CSat"	0.384464	0.0165165830716779	0.383231818181818	0.0430981517924012	23.2028511296003	26	0.0101167963913153	"Adelboden"	TRUE
3.51845846677564	"APse"	0.000784	0.00158587572595769	0.000712727272727273	2.22508073795084	0.449421894200989	27	2.0630197809915e-05	"Adelboden"	FALSE
3.50445226944713	"FExc"	0.000432	0.000881465721501306	0.000392727272727273	2.24447290197092	0.445538905424913	28	1.13676600177083e-05	"Adelboden"	FALSE
3.4407273141339	"CBet"	0.34017	0.218567716941663	0.315650909090909	0.692434935705236	1.44417901009214	29	0.00895124284311071	"Adelboden"	TRUE
5.91164313584738	"AVir"	0.80588	0.079110873267149	0.800680909090909	0.0988044954849383	10.1209969758151	0	0.0150468560906047	"Huttwil"	TRUE
5.66081750476897	"PMon"	2.480786	0.0922602876451381	2.46247181818182	0.0374665354396864	26.6904849424842	1	0.0463195884419353	"Huttwil"	TRUE
5.59937170768693	"TBac"	1.818669	0.0519578951564717	1.82543909090909	0.0284632313481334	35.1330454286449	2	0.0339569795992504	"Huttwil"	TRUE
5.45088151904219	"AAlb"	0.89037	0.195667647458179	0.894587272727273	0.218723933844553	4.57197336579864	3	0.0166243972519379	"Huttwil"	TRUE
5.43859590321483	"PCem"	1.485693	0.0672349840620059	1.47933272727273	0.0454495346601026	22.0024254918905	4	0.0277398728915207	"Huttwil"	TRUE
5.12023310117073	"LDec"	1.537703	0.0772965399554917	1.53201090909091	0.0504543012695381	19.8199157423225	5	0.0287109690662271	"Huttwil"	TRUE
4.66257804432037	"BPen"	0.866627	0.0378143718950637	0.865322727272727	0.0436997327161911	22.8834351572474	6	0.0161810837261533	"Huttwil"	TRUE
4.54173654409529	"QRob"	0.713768	0.0363119550811875	0.713382727272727	0.0509010853402754	19.6459465120433	7	0.0133270020078408	"Huttwil"	TRUE
4.54005779679717	"PAbi"	1.268951	0.040485296410605	1.26860363636364	0.0319132747614166	31.3349227704142	8	0.0236930102286059	"Huttwil"	TRUE
4.32814443523422	"PSyl"	1.51795	0.0349526821444494	1.51572090909091	0.0230601042281676	43.3649384280975	9	0.0283421541702653	"Huttwil"	TRUE
4.25789614695819	"PNig"	3.031333	0.236495098038762	3.03563818181818	0.0779062206606962	12.8359454677603	10	0.056599036349954	"Huttwil"	TRUE
4.20036271601683	"AInc"	3.418814	0.234160937981474	3.43310181818182	0.0682068142405069	14.6612917072165	11	0.063833824215199	"Huttwil"	TRUE
4.13823208797057	"UGla"	0.009005	0.0112376868373587	0.00818636363636364	1.3727324287723	0.728474085000196	12	0.000168135378835428	"Huttwil"	FALSE
4.10423678579605	"TPla"	2.776791	0.110516307879302	2.77455545454545	0.0398320774948821	25.1053940163801	13	0.051846397193982	"Huttwil"	TRUE
4.08238233777311	"AGlu"	2.423774	0.0661581241901826	2.42378818181818	0.0272953406929127	36.636289367132	14	0.0452550982455815	"Huttwil"	TRUE
4.08073778979974	"QPub"	1.219826	0.0670581414079671	1.21155090909091	0.0553490083700109	18.0671710198483	15	0.0227757808576686	"Huttwil"	TRUE
4.02463010421773	"SAri"	0.042451	0.00150590353427617	0.0423363636363636	0.0355699782629114	28.113596039014	16	0.000792616875840397	"Huttwil"	FALSE
3.96304498896519	"PTre"	3.043764	0.106359279716526	3.06001727272727	0.0347577383515002	28.7705716029949	17	0.0568311397252237	"Huttwil"	TRUE
3.96011541644128	"APla"	3.453466	0.0874181998005199	3.44809181818182	0.0253526310812151	39.4436378929106	18	0.0644808233431729	"Huttwil"	TRUE
3.91611390270515	"TCor"	3.480593	0.256895469318483	3.48550181818182	0.0737040124261046	13.5677823646656	19	0.0649873206692882	"Huttwil"	TRUE
3.90985874801175	"SAlb"	2.595117	0.0568508025049299	2.59621636363636	0.0218975595798581	45.6671893666097	20	0.0484543009347319	"Huttwil"	TRUE
3.86628219362894	"QPet"	1.962895	0.137615317989876	1.95775363636364	0.0702924593951895	14.2262770232284	21	0.0366498716756433	"Huttwil"	TRUE
3.86108071747658	"CAve"	1.824186	0.124943543978143	1.81206272727273	0.0689510037912381	14.5030520951904	22	0.0340599893588323	"Huttwil"	TRUE
3.8505448569429	"SAuc"	1.664826	0.151515579006973	1.65622727272727	0.0914823596386475	10.9310691585784	23	0.0310845252865154	"Huttwil"	TRUE
3.84390347447605	"FSyl"	4.543384	0.345677844860316	4.55144545454545	0.075949025054248	13.1667259623903	24	0.0848310483103636	"Huttwil"	TRUE
3.70032665350851	"ACam"	0.770211	0.037741154412175	0.770331818181818	0.0489933734027161	20.4109235708306	25	0.0143808682141271	"Huttwil"	TRUE
3.63557912119768	"CSat"	0.492828	0.0172946005762177	0.492179090909091	0.0351388364432006	28.4585404988133	26	0.00920175707725781	"Huttwil"	TRUE
3.51845846677564	"APse"	1.02022	0.0610530224402601	1.01220090909091	0.060317098998749	16.5790466816174	27	0.0190488702049396	"Huttwil"	TRUE
3.50445226944713	"FExc"	0.973272	0.0628125313930269	0.97014	0.0647458422423845	15.445007206121	28	0.0181722883320283	"Huttwil"	TRUE
3.4407273141339	"CBet"	1.424879	0.0468572679139921	1.42396818181818	0.0329061200329369	30.389483749499	29	0.0266043942764738	"Huttwil"	TRUE
5.91164313584738	"AVir"	0.195658	0.125134463997733	0.19039	0.657253343125864	1.52148332216014	0	0.00810201403734037	"Schwerin"	TRUE
5.66081750476897	"PMon"	2.128921	0.760231925951787	2.12230818181818	0.358209958602947	2.79165884695137	1	0.0881566193377664	"Schwerin"	TRUE
5.59937170768693	"TBac"	0.351137	0.468808700006536	0.320122727272727	1.46446553170571	0.682842974689387	2	0.0145402534168272	"Schwerin"	TRUE
5.45088151904219	"AAlb"	0.903228	0.187150061452884	0.897907272727273	0.208429163163408	4.79779309585387	3	0.037401823257515	"Schwerin"	TRUE
5.43859590321483	"PCem"	1.286368	0.101139195702125	1.27646454545455	0.0792338463784825	12.6208690566809	4	0.053267290850287	"Schwerin"	TRUE
5.12023310117073	"LDec"	1.387949	0.0939170471504218	1.38422363636364	0.0678481747336308	14.7387900105782	5	0.0574736646654496	"Schwerin"	TRUE
4.66257804432037	"BPen"	0.63103	0.269119355504714	0.625254545454545	0.430415672242847	2.32333547426169	6	0.0261303596989793	"Schwerin"	TRUE
4.54173654409529	"QRob"	0.499269	0.0494891372837607	0.494460909090909	0.10008705718466	9.99130185389514	7	0.0206742604258905	"Schwerin"	TRUE
4.54005779679717	"PAbi"	0.461602	0.188429026503591	0.450840909090909	0.417950152047083	2.39262982703102	8	0.0191145053290149	"Schwerin"	TRUE
4.32814443523422	"PSyl"	0.90498	0.343177454178394	0.890698181818182	0.385290394865145	2.59544492498965	9	0.0374743719322097	"Schwerin"	TRUE
4.25789614695819	"PNig"	0.015139	0.0171860963360714	0.0142545454545455	1.2056572684744	0.829423108994623	10	0.000626891772947162	"Schwerin"	FALSE
4.20036271601683	"AInc"	0.032446	0.0421168520579676	0.0300145454545455	1.40321472206701	0.71264930753217	11	0.00134355838992296	"Schwerin"	FALSE
4.13823208797057	"UGla"	0.003241	0.00484011006636682	0.00294636363636364	1.64274022616585	0.608738974106697	12	0.00013420676637306	"Schwerin"	FALSE
4.10423678579605	"TPla"	1.069275	1.1502630565294	0.972801818181818	1.18242280702072	0.845721170179086	13	0.0442776735925806	"Schwerin"	TRUE
4.08238233777311	"AGlu"	1.304741	0.50182370678085	1.28148454545455	0.391595597903096	2.55365485555703	14	0.054028099526181	"Schwerin"	TRUE
4.08073778979974	"QPub"	1.073113	0.125688656796358	1.09785545454545	0.114485614910386	8.73472183193276	15	0.0444366015683102	"Schwerin"	TRUE
4.02463010421773	"SAri"	0.032733	0.00283208692727401	0.0325618181818182	0.0869756999274503	11.4974642438536	16	0.00135544279040092	"Schwerin"	FALSE
3.96304498896519	"PTre"	2.043249	0.755050074358708	2.03105909090909	0.371751899163481	2.68996608289079	17	0.0846090222724431	"Schwerin"	TRUE
3.96011541644128	"APla"	0.274175	0.339497441974564	0.249675454545455	1.35975497708669	0.73542661497921	18	0.0113533292719326	"Schwerin"	TRUE
3.91611390270515	"TCor"	0.016605	0.0190148723132949	0.0155409090909091	1.22353668000143	0.817302837213539	19	0.000687597456224825	"Schwerin"	FALSE
3.90985874801175	"SAlb"	1.676219	0.610752316034756	1.66735272727273	0.366300606971002	2.729998206307	20	0.069410654650751	"Schwerin"	TRUE
3.86628219362894	"QPet"	1.951573	0.721621229515369	1.97059454545455	0.366194675195813	2.7307879325806	21	0.0808128052054834	"Schwerin"	TRUE
3.86108071747658	"CAve"	1.607019	0.210693933247431	1.61642545454545	0.130345592278908	7.6719126632241	22	0.066545147636553	"Schwerin"	TRUE
3.8505448569429	"SAuc"	1.513072	0.130563010688326	1.51932	0.0859351622359518	11.6366801898192	23	0.062654890592292	"Schwerin"	TRUE
3.84390347447605	"FSyl"	0.020408	0.0261951172063525	0.0190236363636364	1.37697739305112	0.726228335371715	24	0.000845076114823019	"Schwerin"	FALSE
3.70032665350851	"ACam"	0.450139	0.038506426169714	0.448048181818182	0.0859426011136899	11.6356729612726	25	0.0186398332639317	"Schwerin"	TRUE
3.63557912119768	"CSat"	0.340684	0.0388389139909962	0.3394	0.114434042401285	8.7386583486521	26	0.0141074045032519	"Schwerin"	TRUE
3.51845846677564	"APse"	0.85457	0.0700058564433265	0.864908181818182	0.0809402176034021	12.3547975235239	27	0.0353869411723004	"Schwerin"	TRUE
3.50445226944713	"FExc"	0.522904	0.20274953335671	0.514091818181818	0.394383894444715	2.53560050013701	28	0.021652963580234	"Schwerin"	TRUE
3.4407273141339	"CBet"	0.597857	0.238436604080528	0.587123636363636	0.406109700432588	2.46238885437802	29	0.0247566969217829	"Schwerin"	TRUE
5.91164313584738	"AVir"	1.002448	0.0798638240097138	1.01073363636364	0.0790156982378104	12.6557130076904	0	0.0197438818808314	"Bern"	TRUE
5.66081750476897	"PMon"	2.483694	0.180717155426524	2.48204636363636	0.0728097420234172	13.7344258090954	1	0.0489180096764417	"Bern"	TRUE
5.59937170768693	"TBac"	1.676585	0.566165159582833	1.69270636363636	0.334473345020436	2.98977486513582	2	0.0330214596699018	"Bern"	TRUE
5.45088151904219	"AAlb"	1.1739	0.142972632021911	1.18285545454545	0.12087075514806	8.27329984639423	3	0.0231207433601623	"Bern"	TRUE
5.43859590321483	"PCem"	1.534324	0.116356939403169	1.52967454545455	0.0760664676998945	13.146397226506	4	0.0302195344027069	"Bern"	TRUE
5.12023310117073	"LDec"	1.523558	0.0718549107703724	1.52288727272727	0.0471833418383559	21.1939205880303	5	0.0300074908529876	"Bern"	TRUE
4.66257804432037	"BPen"	0.854415	0.044054876192808	0.855828181818182	0.0514763092975212	19.4264121427243	6	0.0168282732243573	"Bern"	TRUE
4.54173654409529	"QRob"	0.708041	0.0414274455140331	0.708392727272727	0.0584809017923242	17.0995995162861	7	0.0139453396792509	"Bern"	TRUE
4.54005779679717	"PAbi"	1.253362	0.0543622608065558	1.25507	0.0433141265479661	23.0871560781123	8	0.0246858004424395	"Bern"	TRUE
4.32814443523422	"PSyl"	1.502588	0.070015055679605	1.50400727272727	0.0465523385087388	21.4811979813276	9	0.0295944727183402	"Bern"	TRUE
4.25789614695819	"PNig"	2.717006	0.931325194305014	2.75619545454545	0.337902449105739	2.95943401016035	10	0.0535132451094822	"Bern"	TRUE
4.20036271601683	"AInc"	3.067391	1.05712796038477	3.12986454545455	0.337755179188194	2.9607243992632	11	0.0604143113521353	"Bern"	TRUE
4.13823208797057	"UGla"	0.015644	0.0120748994349285	0.0142218181818182	0.84904048698679	1.17780013477209	12	0.000308119012800391	"Bern"	FALSE
4.10423678579605	"TPla"	2.63163	0.603745793641662	2.65428	0.227461230029108	4.39635361099573	13	0.0518317078532276	"Bern"	TRUE
4.08238233777311	"AGlu"	2.415744	0.0986837688781696	2.41057	0.0409379395239174	24.4272186541231	14	0.0475796891113825	"Bern"	TRUE
4.08073778979974	"QPub"	1.213282	0.0930481458268685	1.20369272727273	0.0773022414430407	12.9362355001936	15	0.0238963981135569	"Bern"	TRUE
4.02463010421773	"SAri"	0.042092	0.00184291863382763	0.0420190909090909	0.0438590791460676	22.8002963005588	16	0.000829030010661855	"Bern"	FALSE
3.96304498896519	"PTre"	2.889683	0.164236139777733	2.90456090909091	0.0565442230058575	17.6852726386639	17	0.0569142337807513	"Bern"	TRUE
3.96011541644128	"APla"	3.223955	0.708611305975542	3.24540181818182	0.218343165399633	4.57994642593782	18	0.0634979437428334	"Bern"	TRUE
3.91611390270515	"TCor"	3.17094	1.09117538021913	3.21715818181818	0.33917368017088	2.94834198071085	19	0.0624537779627507	"Bern"	TRUE
3.90985874801175	"SAlb"	2.54795	0.130159273458608	2.55621454545455	0.0509187594171455	19.639127336305	20	0.0501835744480156	"Bern"	TRUE
3.86628219362894	"QPet"	2.002074	0.146479889323974	2.00559818181818	0.0730355116253556	13.6919695329803	21	0.0394321825897041	"Bern"	TRUE
3.86108071747658	"CAve"	1.791387	0.0588538756737242	1.79796272727273	0.0327336461323632	30.5496062356254	22	0.0352825616200111	"Bern"	TRUE
3.8505448569429	"SAuc"	0.634719	3.16499909940702	0.723904545454545	4.37212215240298	0.228721880391742	23	0.0125012139916678	"Bern"	TRUE
3.84390347447605	"FSyl"	4.042017	1.38596150010217	4.09226636363636	0.338678223005653	2.95265515191778	24	0.0796102203888007	"Bern"	TRUE
3.70032665350851	"ACam"	0.762246	0.0362015212638665	0.763117272727273	0.0474390012618735	21.0797017938844	25	0.0150129433029306	"Bern"	TRUE
3.63557912119768	"CSat"	0.487134	0.0235054399119554	0.486956363636364	0.0482701154913095	20.7167517587572	26	0.00959442899395971	"Bern"	TRUE
3.51845846677564	"APse"	1.009545	0.0674276096404001	1.01049727272727	0.0667271564805088	14.986402129875	27	0.0198836620287376	"Bern"	TRUE
3.50445226944713	"FExc"	0.978361	0.070755624973952	0.967563636363636	0.0731276190162237	13.6747239066835	28	0.0192694723524932	"Bern"	TRUE
3.4407273141339	"CBet"	1.416874	0.0678109351197738	1.41786727272727	0.0478260105329459	20.9091243207737	29	0.0279062783266774	"Bern"	TRUE
5.91164313584738	"AVir"	0.005007	0.00608902425382231	0.00455181818181818	1.33771253828731	0.747544761208798	0	0.000384849518995748	"Cottbus"	FALSE
5.66081750476897	"PMon"	1.141529	0.997015207730281	1.03853636363636	0.960019545429589	1.04164545895003	1	0.0877405405571594	"Cottbus"	TRUE
5.59937170768693	"TBac"	0.013195	0.0110727465591711	0.0125881818181818	0.879614444651423	1.13686173081922	2	0.00101419800342498	"Cottbus"	FALSE
5.45088151904219	"AAlb"	0.504194	0.459263065421116	0.45835	1.00199207029806	0.998011890156509	3	0.0387535087638391	"Cottbus"	TRUE
5.43859590321483	"PCem"	1.250964	0.213528638241082	1.23779090909091	0.172507841730642	5.79683792903412	4	0.096151965983822	"Cottbus"	TRUE
5.12023310117073	"LDec"	1.324572	0.239558090301895	1.31783090909091	0.18178211533007	5.50109122772751	5	0.101809645910772	"Cottbus"	TRUE
4.66257804432037	"BPen"	0.011331	0.011177627004626	0.0104463636363636	1.07000171482801	0.934577941457542	6	0.000870926682592535	"Cottbus"	FALSE
4.54173654409529	"QRob"	0.324602	0.149841169843271	0.32136	0.466271999761237	2.14467092279199	7	0.0249496551957375	"Cottbus"	TRUE
4.54005779679717	"PAbi"	0.05069	0.0438005199637049	0.0462290909090909	0.947466608197816	1.05544616701807	8	0.00389614981383952	"Cottbus"	TRUE
4.32814443523422	"PSyl"	0.097874	0.0916299314039409	0.0890990909090909	1.02840478470686	0.97237976220136	9	0.00752282041585577	"Cottbus"	TRUE
4.25789614695819	"PNig"	0.006996	0.00501072105136032	0.00671636363636364	0.746046718529555	1.34039863075999	10	0.000537728626901189	"Cottbus"	FALSE
4.20036271601683	"AInc"	0.012163	0.0106037802864656	0.0117281818181818	0.904128231541133	1.1060377998544	11	0.000934876113350366	"Cottbus"	FALSE
4.13823208797057	"UGla"	0.000697	0.00107645968551797	0.000633636363636364	1.69886033582464	0.588629906127389	12	5.35730207190007e-05	"Cottbus"	FALSE
4.10423678579605	"TPla"	0.049349	0.0601976342180866	0.0457063636363636	1.31705148755684	0.759271759265101	13	0.00379307747412047	"Cottbus"	FALSE
4.08238233777311	"AGlu"	0.238132	0.211914152494053	0.216735454545455	0.977754899116469	1.02275120370517	14	0.0183033724101249	"Cottbus"	TRUE
4.08073778979974	"QPub"	1.295423	0.592447220869812	1.25925181818182	0.470475573126606	2.12550886192533	15	0.0995691868276471	"Cottbus"	TRUE
4.02463010421773	"SAri"	0.026598	0.00859183597693447	0.0260763636363636	0.329487504344858	3.03501646288033	16	0.00204438336453943	"Cottbus"	FALSE
3.96304498896519	"PTre"	0.252915	0.243954856766575	0.22999	1.06071940852461	0.942756389638363	17	0.0194396277405252	"Cottbus"	TRUE
3.96011541644128	"APla"	0.01231	0.0109280102156215	0.0116145454545455	0.940890046742613	1.06282344410171	18	0.000946174870948204	"Cottbus"	FALSE
3.91611390270515	"TCor"	0.007539	0.00557742462562655	0.00714363636363636	0.780754274394147	1.28081271252211	19	0.000579464853946264	"Cottbus"	FALSE
3.90985874801175	"SAlb"	0.52436	0.428428096863194	0.477362727272727	0.897489628716705	1.11421900376706	20	0.0403035138367506	"Cottbus"	TRUE
3.86628219362894	"QPet"	1.223349	1.10931681240384	1.11235727272727	0.99726665128374	1.00274084038882	21	0.0940294136636567	"Cottbus"	TRUE
3.86108071747658	"CAve"	1.631548	0.693623949994126	1.59182363636364	0.435741707905935	2.29493753261708	22	0.125404526266921	"Cottbus"	TRUE
3.8505448569429	"SAuc"	1.62105	1.02568597280153	1.57572727272727	0.650928615982047	1.53626676635089	23	0.124597625877383	"Cottbus"	TRUE
3.84390347447605	"FSyl"	0.007704	0.00713326726109304	0.00743272727272727	0.959710614873085	1.04198076430804	24	0.000592147132882613	"Cottbus"	FALSE
3.70032665350851	"ACam"	0.268573	0.131675454163223	0.265540909090909	0.495876340161744	2.01663180718366	25	0.0206431375804364	"Cottbus"	TRUE
3.63557912119768	"CSat"	0.231219	0.0999380090219568	0.226255454545455	0.441704308180024	2.26395799515823	26	0.0177720233538402	"Cottbus"	TRUE
3.51845846677564	"APse"	0.781497	0.372355741389138	0.773463636363636	0.481413377285236	2.07721689338828	27	0.0600676541934532	"Cottbus"	TRUE
3.50445226944713	"FExc"	0.038094	0.0329997691176496	0.0348027272727273	0.948194917572149	1.05463547786198	28	0.00292799232606831	"Cottbus"	TRUE
3.4407273141339	"CBet"	0.056806	0.0497924135696484	0.0518009090909091	0.961226635661243	1.04033738028086	29	0.00436623961974685	"Cottbus"	TRUE
5.91164313584738	"AVir"	0.218235	0.102391050194829	0.22357	0.457982064654601	2.18349161938072	0	0.00733591061950838	"Basel"	TRUE
5.66081750476897	"PMon"	2.083105	0.774760674441997	2.11121727272727	0.366973444396445	2.72499281697258	1	0.070023012308067	"Basel"	TRUE
5.59937170768693	"TBac"	0.916545	0.725031487926872	0.936803636363636	0.773941795039573	1.29208682928006	2	0.0308094127832717	"Basel"	TRUE
5.45088151904219	"AAlb"	0.515545	0.236399492696733	0.549804545454545	0.429970058725673	2.32574333888215	3	0.0173299060202738	"Basel"	TRUE
5.43859590321483	"PCem"	1.187009	0.159273589655718	1.18030727272727	0.134942479247538	7.41056489828975	4	0.039900987140248	"Basel"	TRUE
5.12023310117073	"LDec"	1.416594	0.12322900592725	1.42202727272727	0.0866572732398527	11.5397122781855	5	0.0476184249461904	"Basel"	TRUE
4.66257804432037	"BPen"	0.844641	0.308149032978289	0.833263636363636	0.369809769118273	2.70409297835553	6	0.0283923792314348	"Basel"	TRUE
4.54173654409529	"QRob"	0.633047	0.0890650455872254	0.634566363636364	0.140355762125242	7.12475202199166	7	0.0212797040344029	"Basel"	TRUE
4.54005779679717	"PAbi"	0.920494	0.328561596021203	0.93547	0.351226224273577	2.84716781062761	8	0.0309421573523667	"Basel"	TRUE
4.32814443523422	"PSyl"	1.194281	0.422817423299294	1.21000636363636	0.349434049279398	2.86177034568382	9	0.0401454334574064	"Basel"	TRUE
4.25789614695819	"PNig"	0.102133	0.148149126901977	0.0932072727272727	1.5894588755479	0.629144934407499	10	0.00343317322749444	"Basel"	FALSE
4.20036271601683	"AInc"	0.225134	0.338797675083254	0.205257272727273	1.65060010094462	0.605840263445828	11	0.0075678186423461	"Basel"	FALSE
4.13823208797057	"UGla"	0.002112	0.00590215723274126	0.00192	3.07404022538607	0.325304786756461	12	7.09943099337948e-05	"Basel"	FALSE
4.10423678579605	"TPla"	1.581544	1.1368837812635	1.70957	0.665011541652873	1.5037332998981	13	0.053163174673264	"Basel"	TRUE
4.08238233777311	"AGlu"	1.84851	0.65676731603154	1.86657545454545	0.351856826592352	2.84206507994959	14	0.0621371647044124	"Basel"	TRUE
4.08073778979974	"QPub"	1.167589	0.151149170051551	1.16466545454545	0.129779044670421	7.70540423178131	15	0.03924818908205	"Basel"	TRUE
4.02463010421773	"SAri"	0.037944	0.00468202403783973	0.0379609090909091	0.123338037733163	8.10779884599313	16	0.00127547731824238	"Basel"	FALSE
3.96304498896519	"PTre"	2.494127	0.883214652910811	2.52012181818182	0.350465063449996	2.8533514586474	17	0.0838394058959497	"Basel"	TRUE
3.96011541644128	"APla"	1.121756	0.822819616150355	1.16010272727273	0.709264444265822	1.40991136392735	18	0.0377075251581884	"Basel"	TRUE
3.91611390270515	"TCor"	0.124113	0.187875526157855	0.113159090909091	1.66027779693626	0.602308843643708	19	0.00417202499470316	"Basel"	FALSE
3.90985874801175	"SAlb"	2.038062	0.72927943855936	2.06236636363636	0.353612942597403	2.82795078894645	20	0.0685089040209705	"Basel"	TRUE
3.86628219362894	"QPet"	1.837571	0.675314087682034	1.86091272727273	0.362894013128571	2.75562550999073	21	0.0617694531720422	"Basel"	TRUE
3.86108071747658	"CAve"	1.702122	0.24977491377056	1.71720090909091	0.145454682936775	6.87499350182262	22	0.0572163715971262	"Basel"	TRUE
3.8505448569429	"SAuc"	1.471845	0.191082952629099	1.47453636363636	0.12958849801294	7.71673424210953	23	0.0494756723979669	"Basel"	TRUE
3.84390347447605	"FSyl"	0.170494	0.26466774934898	0.155423636363636	1.70287966194377	0.587240556304807	24	0.00573110979064981	"Basel"	FALSE
3.70032665350851	"ACam"	0.635511	0.0762119401406368	0.63736	0.119574400873347	8.36299402460895	25	0.0213625307293257	"Basel"	TRUE
3.63557912119768	"CSat"	0.411268	0.0596222700156425	0.411872727272727	0.144758965737886	6.90803498700516	26	0.0138246628114829	"Basel"	TRUE
3.51845846677564	"APse"	0.965065	0.11317375007242	0.968836363636364	0.116814102277955	8.56061023882664	27	0.0324403994868644	"Basel"	TRUE
3.50445226944713	"FExc"	0.804418	0.286674251870402	0.811753636363636	0.353154256449776	2.83162380669824	28	0.0270402939433349	"Basel"	TRUE
3.4407273141339	"CBet"	1.078049	0.381416103228244	1.09366272727273	0.348751122002103	2.86737428759862	29	0.0362383261504818	"Basel"	TRUE
5.91164313584738	"AVir"	0.533888	0.202073781543457	0.548044545454545	0.368717804454851	2.71210120020784	0	0.0158380463878	"Schaffhausen"	TRUE
5.66081750476897	"PMon"	2.022339	0.825180995180616	2.04887454545455	0.402748424500315	2.48293957013162	1	0.0599936670122894	"Schaffhausen"	TRUE
5.59937170768693	"TBac"	1.390178	0.816449994388121	1.45597181818182	0.560759476380308	1.78329576604747	2	0.041240304429579	"Schaffhausen"	TRUE
5.45088151904219	"AAlb"	0.782397	0.187649686408187	0.803080909090909	0.233662242849985	4.27968159426602	3	0.0232101863680689	"Schaffhausen"	TRUE
5.43859590321483	"PCem"	1.413832	0.0918966329584001	1.40867909090909	0.0652360310814968	15.3289521667978	4	0.0419420118087616	"Schaffhausen"	TRUE
5.12023310117073	"LDec"	1.449995	0.0819659491607227	1.46459727272727	0.0559648380391227	17.8683622616926	5	0.0430148047382187	"Schaffhausen"	TRUE
4.66257804432037	"BPen"	0.763499	0.281918555331145	0.76985	0.366199331468657	2.73075321025154	6	0.0226495680349417	"Schaffhausen"	TRUE
4.54173654409529	"QRob"	0.644735	0.0547015042505481	0.646285454545454	0.0846398504961259	11.814765670525	7	0.0191263763895016	"Schaffhausen"	TRUE
4.54005779679717	"PAbi"	0.996015	0.337835991742093	1.00848818181818	0.334992514372371	2.98514133031767	8	0.029547267915639	"Schaffhausen"	TRUE
4.32814443523422	"PSyl"	1.276646	0.433502572906279	1.29200818181818	0.335526182424194	2.98039334151197	9	0.0378723226009938	"Schaffhausen"	TRUE
4.25789614695819	"PNig"	0.241282	0.289091440035533	0.275047272727273	1.05106092188809	0.951419636269638	10	0.00715774752109275	"Schaffhausen"	TRUE
4.20036271601683	"AInc"	0.494827	0.607205058131106	0.57371	1.05838325657755	0.944837320304611	11	0.0146792828831814	"Schaffhausen"	TRUE
4.13823208797057	"UGla"	0.007227	0.012135677154572	0.00657	1.84713503113729	0.541378937188094	12	0.00021439245917614	"Schaffhausen"	FALSE
4.10423678579605	"TPla"	2.005997	1.16099632161582	2.10607636363636	0.551260315941836	1.81402500974786	13	0.0595088736584971	"Schaffhausen"	TRUE
4.08238233777311	"AGlu"	1.954457	0.665441816612364	1.97217181818182	0.337415741609089	2.96370286469486	14	0.05797991456815	"Schaffhausen"	TRUE
4.08073778979974	"QPub"	1.159772	0.101247607109771	1.16017363636364	0.0872693568758501	11.4587758612981	15	0.0344051987219635	"Schaffhausen"	TRUE
4.02463010421773	"SAri"	0.038784	0.00265171573959887	0.0388018181818182	0.0683399867288026	14.6327216007278	16	0.0011505461653089	"Schaffhausen"	FALSE
3.96304498896519	"PTre"	2.645935	0.901401149982121	2.66383909090909	0.33838423388948	2.95522042651258	17	0.0784929447170637	"Schaffhausen"	TRUE
3.96011541644128	"APla"	1.903546	1.12663002843315	1.96232545454545	0.574130058713484	1.74176562404834	18	0.056469615067788	"Schaffhausen"	TRUE
3.91611390270515	"TCor"	0.298264	0.363455845296234	0.34252	1.06112298638396	0.942397830253162	19	0.00884814618011791	"Schaffhausen"	TRUE
3.90985874801175	"SAlb"	2.123033	0.725839939322964	2.15163181818182	0.337343932725589	2.96433373477461	20	0.0629808033460768	"Schaffhausen"	TRUE
3.86628219362894	"QPet"	1.764435	0.611783255302963	1.78966090909091	0.341843112399281	2.92531855616847	21	0.05234281980164	"Schaffhausen"	TRUE
3.86108071747658	"CAve"	1.76908	0.144053122152275	1.76911272727273	0.0814267626542644	12.2809745518924	22	0.0524806159788744	"Schaffhausen"	TRUE
3.8505448569429	"SAuc"	1.582956	0.130448534623638	1.58335363636364	0.0823874917313034	12.1377648352419	23	0.0469591572723987	"Schaffhausen"	TRUE
3.84390347447605	"FSyl"	0.395688	0.484541738395438	0.452934545454545	1.06978313590361	0.934768895151201	24	0.0117382763783712	"Schaffhausen"	TRUE
3.70032665350851	"ACam"	0.654417	0.0443141221898228	0.656296363636364	0.0675215110811982	14.8100950939538	25	0.0194135976140407	"Schaffhausen"	TRUE
3.63557912119768	"CSat"	0.426681	0.0368933845264728	0.427367272727273	0.0863271169339552	11.583845673487	26	0.0126576987510356	"Schaffhausen"	TRUE
3.51845846677564	"APse"	0.984617	0.0576765028097546	0.985621818181818	0.0585178835794755	17.0887930121714	27	0.0292091407190581	"Schaffhausen"	TRUE
3.50445226944713	"FExc"	0.83461	0.28401571062499	0.838187272727273	0.338845172035203	2.95120037860864	28	0.0247591103297354	"Schaffhausen"	TRUE
3.4407273141339	"CBet"	1.150076	0.390412256185689	1.16381	0.335460475666723	2.98097711216952	29	0.0341175621806362	"Schaffhausen"	TRUE
5.91164313584738	"AVir"	0.00047	0.000480751305959556	0.000477272727272727	1.00728845058193	0.992764286557922	0	0.000174740807332273	"Sion"	FALSE
5.66081750476897	"PMon"	0.017002	0.0224148254510268	0.01615	1.38791488860847	0.720505276085483	1	0.00632115575800703	"Sion"	TRUE
5.59937170768693	"TBac"	0.007401	0.00277100080377929	0.00749636363636364	0.369645996138396	2.70529103641528	2	0.00275161003205564	"Sion"	FALSE
5.45088151904219	"AAlb"	0.002549	0.00348769004043963	0.00231727272727273	1.50508397194335	0.66441475601445	3	0.000947690038063753	"Sion"	FALSE
5.43859590321483	"PCem"	0.740639	0.692607176789268	0.67427	1.02719559937305	0.973524419896609	4	0.275361397450569	"Sion"	TRUE
5.12023310117073	"LDec"	0.647433	0.614391749295039	0.589282727272727	1.04260946547427	0.959131902322708	5	0.24070843641182	"Sion"	TRUE
4.66257804432037	"BPen"	0.001466	0.000839909085989235	0.00144454545454545	0.581434861288961	1.71988311430646	6	0.000545042603295983	"Sion"	FALSE
4.54173654409529	"QRob"	0.035578	0.0319820496528912	0.03273	0.977147865960624	1.02338656700326	7	0.0132275073261013	"Sion"	TRUE
4.54005779679717	"PAbi"	0.00249	0.00178696288815307	0.00245181818181818	0.728831730429506	1.37205881446832	8	0.000925754489909276	"Sion"	FALSE
4.32814443523422	"PSyl"	0.002883	0.00222660197692276	0.00276818181818182	0.804355393962247	1.24323154603839	9	0.0010718675479552	"Sion"	FALSE
4.25789614695819	"PNig"	0.005041	0.00087685180669774	0.00499090909090909	0.175689797334702	5.69185015391034	10	0.00187418810587657	"Sion"	FALSE
4.20036271601683	"AInc"	0.006782	0.000830702878728172	0.00681454545454545	0.121901436312832	8.20334878937545	11	0.00252147267090952	"Sion"	FALSE
4.13823208797057	"UGla"	0	0	0	NA	NA	12	0	"Sion"	FALSE
4.10423678579605	"TPla"	0.00774	0.00093723384100622	0.00778454545454545	0.120396733049964	8.30587321322917	13	0.00287764648670594	"Sion"	FALSE
4.08238233777311	"AGlu"	0.005791	0.00664964975154194	0.00549727272727273	1.20962704261553	0.826701094444561	14	0.00215302981970467	"Sion"	FALSE
4.08073778979974	"QPub"	0.149929	0.15197276821852	0.13671	1.11164339271831	0.899569058342256	15	0.0557419457500433	"Sion"	TRUE
4.02463010421773	"SAri"	0.011037	0.00558434858250352	0.0105309090909091	0.530281719678338	1.8857900676014	16	0.00410343466069425	"Sion"	TRUE
3.96304498896519	"PTre"	0.002018	0.00275111349357773	0.00192636363636364	1.42813819864818	0.70021234705896	17	0.000750270104673462	"Sion"	FALSE
3.96011541644128	"APla"	0.004928	0.000611643092601619	0.00484454545454545	0.126253969199058	7.92054306366679	18	0.00183217595432647	"Sion"	FALSE
3.91611390270515	"TCor"	0.004994	0.000412973694958011	0.00498545454545455	0.0828357156188572	12.0720874145784	19	0.00185671402514334	"Sion"	FALSE
3.90985874801175	"SAlb"	0.019286	0.0255819335042952	0.0181527272727273	1.40926116059319	0.709591683899867	20	0.00717032172385153	"Sion"	TRUE
3.86628219362894	"QPet"	0.011045	0.0177691651208184	0.0102209090909091	1.73851121879394	0.575204801205559	21	0.00410640897230842	"Sion"	TRUE
3.86108071747658	"CAve"	0.295849	0.303093642139611	0.269253636363636	1.12568077532024	0.888351317642001	22	0.109993389592438	"Sion"	TRUE
3.8505448569429	"SAuc"	0.584776	0.613429734759632	0.531935454545455	1.15320332479777	0.867149771854293	23	0.217413256060718	"Sion"	TRUE
3.84390347447605	"FSyl"	0.00456	0.000716885942493961	0.00452636363636364	0.158380103784567	6.31392438888808	24	0.00169535762007482	"Sion"	FALSE
3.70032665350851	"ACam"	0.027127	0.022390234600257	0.0249736363636364	0.896554841843496	1.11538073671411	25	0.0100855188946863	"Sion"	TRUE
3.63557912119768	"CSat"	0.038488	0.03247660954091	0.0352945454545455	0.920159450211236	1.08676816802831	26	0.0143094131757543	"Sion"	TRUE
3.51845846677564	"APse"	0.046494	0.0431036187470485	0.0426909090909091	1.00966738973069	0.990425173845348	27	0.0172859555236313	"Sion"	TRUE
3.50445226944713	"FExc"	0.003026	0.00145350798227786	0.00293363636363636	0.495462900683497	2.0183145874706	28	0.00112503336805842	"Sion"	FALSE
3.4407273141339	"CBet"	0.002876	0.00160740841673229	0.00282272727272727	0.569452257135434	1.75607346791527	29	0.0010692650252928	"Sion"	FALSE
