"assemblage"	"AVir"	"PMon"	"TBac"	"AAlb"	"PCem"	"LDec"	"BPen"	"QRob"	"PAbi"	"PSyl"	"PNig"	"AInc"	"UGla"	"TPla"	"AGlu"	"QPub"	"SAri"	"PTre"	"APla"	"TCor"	"SAlb"	"QPet"	"CAve"	"SAuc"	"FSyl"	"ACam"	"CSat"	"APse"	"FExc"	"CBet"	"productivity"	"DeltaY"	"Selection"	"Complementarity"
"Adelboden_increasing_12"	1	1	1	1	1	1	1	1	1	1	1	1	1	1	1	1	1	1	1	0	0	0	0	0	0	0	0	0	0	0	2.012159	0.587541105263158	-0.743511360730031	1.33105246599319
"Adelboden_increasing_13"	1	1	1	1	1	1	1	1	1	1	1	1	1	1	1	1	1	1	0	0	0	0	0	0	0	0	0	0	0	0	1.924477	0.442408388888889	-0.708962220523575	1.15137060941246
"Adelboden_increasing_14"	1	1	1	1	1	1	1	1	1	1	1	1	1	1	1	1	1	0	0	0	0	0	0	0	0	0	0	0	0	0	1.965183	0.523827	-0.897669779534954	1.42149677953495
"Adelboden_increasing_15"	1	1	1	1	1	1	1	1	1	1	1	1	1	1	1	1	0	0	0	0	0	0	0	0	0	0	0	0	0	0	1.990222	0.4848051875	-0.877165455221588	1.36197064272159
"Adelboden_increasing_16"	1	1	1	1	1	1	1	1	1	1	1	1	1	1	1	0	0	0	0	0	0	0	0	0	0	0	0	0	0	0	1.959196	0.452885933333333	-0.693643700714915	1.14652963404825
"Adelboden_increasing_17"	1	1	1	1	1	1	1	1	1	1	1	1	1	1	0	0	0	0	0	0	0	0	0	0	0	0	0	0	0	0	1.938211	0.4870575	-0.546831569388357	1.03388906938836
"Adelboden_increasing_18"	1	1	1	1	1	1	1	1	1	1	1	1	1	0	0	0	0	0	0	0	0	0	0	0	0	0	0	0	0	0	1.93003	0.367282538461538	0.229223009148444	0.138059529313094
"Adelboden_decreasing_12"	0	0	0	0	0	0	0	0	0	0	0	1	1	1	1	1	1	1	1	1	1	1	1	1	1	1	1	1	1	1	2.690859	1.58281373684211	-0.0236043365412766	1.60641807338338
"Adelboden_decreasing_13"	0	0	0	0	0	0	0	0	0	0	0	0	1	1	1	1	1	1	1	1	1	1	1	1	1	1	1	1	1	1	2.666506	1.66500616666667	0.0780039032981299	1.58700226336854
"Adelboden_decreasing_14"	0	0	0	0	0	0	0	0	0	0	0	0	0	1	1	1	1	1	1	1	1	1	1	1	1	1	1	1	1	1	2.672937	1.63253541176471	0.175022344185445	1.45751306757926
"Adelboden_decreasing_15"	0	0	0	0	0	0	0	0	0	0	0	0	0	0	1	1	1	1	1	1	1	1	1	1	1	1	1	1	1	1	2.712537	1.6071373125	0.590153233106411	1.01698407939359
"Adelboden_decreasing_16"	0	0	0	0	0	0	0	0	0	0	0	0	0	0	0	1	1	1	1	1	1	1	1	1	1	1	1	1	1	1	2.589785	1.56259213333333	0.727901261709835	0.834690871623499
"Adelboden_decreasing_17"	0	0	0	0	0	0	0	0	0	0	0	0	0	0	0	0	1	1	1	1	1	1	1	1	1	1	1	1	1	1	2.497933	1.50394192857143	0.810567710125479	0.693374218445949
"Adelboden_decreasing_18"	0	0	0	0	0	0	0	0	0	0	0	0	0	0	0	0	0	1	1	1	1	1	1	1	1	1	1	1	1	1	2.547242	1.50881953846154	0.59285525531052	0.915964283151018
"Adelboden_random_1_12"	1	0	1	1	1	0	0	1	1	0	1	1	1	1	0	0	1	1	1	1	0	1	0	0	1	0	0	1	1	1	2.350637	1.05621105263158	-0.160621619053132	1.21683267168471
"Adelboden_random_1_13"	1	0	1	1	0	0	0	1	1	0	1	1	1	1	0	0	1	1	1	1	0	1	0	0	1	0	0	1	1	1	2.295487	0.998690888888889	-0.358641702961772	1.35733259185066
"Adelboden_random_1_14"	0	0	1	1	0	0	0	1	1	0	1	1	1	1	0	0	1	1	1	1	0	1	0	0	1	0	0	1	1	1	2.299354	0.927465882352941	-0.0879905454994793	1.01545642785242
"Adelboden_random_1_15"	0	0	0	1	0	0	0	1	1	0	1	1	1	1	0	0	1	1	1	1	0	1	0	0	1	0	0	1	1	1	2.336266	0.918140125	-0.302178898896725	1.22031902389672
"Adelboden_random_1_16"	0	0	0	1	0	0	0	1	1	0	1	1	1	1	0	0	1	1	1	1	0	1	0	0	0	0	0	1	1	1	2.017271	0.661275066666667	-0.674712644332895	1.33598771099956
"Adelboden_random_1_17"	0	0	0	1	0	0	0	1	1	0	1	1	0	1	0	0	1	1	1	1	0	1	0	0	0	0	0	1	1	1	1.976441	0.547886071428571	-0.410323013789253	0.958209085217825
"Adelboden_random_1_18"	0	0	0	1	0	0	0	1	1	0	1	1	0	0	0	0	1	1	1	1	0	1	0	0	0	0	0	1	1	1	2.03523	0.496819461538461	0.108213927028804	0.388605534509658
"Adelboden_random_2_12"	1	0	1	1	0	1	1	0	1	0	0	0	1	0	0	1	1	0	1	1	0	1	0	1	1	1	1	1	1	1	2.193881	1.10977736842105	0.454965677462156	0.654811690958897
"Adelboden_random_2_13"	1	0	1	1	0	1	1	0	1	0	0	0	1	0	0	1	1	0	1	1	0	1	0	0	1	1	1	1	1	1	2.17989	1.0569175	0.501321918217762	0.555595581782238
"Adelboden_random_2_14"	1	0	1	1	0	1	0	0	1	0	0	0	1	0	0	1	1	0	1	1	0	1	0	0	1	1	1	1	1	1	2.206045	1.16619447058824	0.573662508726012	0.592531961862223
"Adelboden_random_2_15"	1	0	1	1	0	1	0	0	1	0	0	0	1	0	0	1	0	0	1	1	0	1	0	0	1	1	1	1	1	1	2.158502	1.07968475	0.531348847689213	0.548335902310787
"Adelboden_random_2_16"	1	0	0	1	0	1	0	0	1	0	0	0	1	0	0	1	0	0	1	1	0	1	0	0	1	1	1	1	1	1	2.154937	1.04633753333333	0.481807761399083	0.56452977193425
"Adelboden_random_2_17"	0	0	0	1	0	1	0	0	1	0	0	0	1	0	0	1	0	0	1	1	0	1	0	0	1	1	1	1	1	1	2.143439	0.957099	0.440683885105335	0.516415114894665
"Adelboden_random_2_18"	0	0	0	1	0	1	0	0	1	0	0	0	1	0	0	1	0	0	1	1	0	1	0	0	0	1	1	1	1	1	1.874452	0.777630076923077	0.336359603965833	0.441270472957244
"Adelboden_random_3_12"	0	1	0	1	1	1	0	0	0	0	1	1	1	1	0	1	0	1	0	0	1	1	1	1	1	1	0	1	1	1	2.897143	1.46951715789474	-0.249098011797812	1.71861516969255
"Adelboden_random_3_13"	0	1	0	1	1	1	0	0	0	0	1	1	1	1	0	1	0	1	0	0	1	1	1	1	1	1	0	0	1	1	2.931336	1.48878038888889	-0.253293434602101	1.74207382349099
"Adelboden_random_3_14"	0	1	0	1	1	1	0	0	0	0	1	1	1	1	0	1	0	1	0	0	1	1	1	1	1	1	0	0	0	1	3.044104	1.64302670588235	-0.473792714897315	2.11681942077967
"Adelboden_random_3_15"	0	1	0	1	1	1	0	0	0	0	1	1	1	1	0	1	0	1	0	0	1	1	1	1	0	1	0	0	0	1	2.698401	1.3566360625	-0.818645174540033	2.17528123704003
"Adelboden_random_3_16"	0	1	0	1	1	1	0	0	0	0	1	1	1	1	0	1	0	0	0	0	1	1	1	1	0	1	0	0	0	1	2.623957	1.3376866	-0.629049018421444	1.96673561842144
"Adelboden_random_3_17"	0	1	0	1	1	1	0	0	0	0	1	1	1	1	0	1	0	0	0	0	1	0	1	1	0	1	0	0	0	1	2.867051	1.61773092857143	-0.79715521231861	2.41488614089004
"Adelboden_random_3_18"	0	1	0	1	1	0	0	0	0	0	1	1	1	1	0	1	0	0	0	0	1	0	1	1	0	1	0	0	0	1	2.903431	1.73991515384615	-0.540073523531488	2.27998867737764
"Adelboden_random_4_12"	1	1	0	0	1	0	1	1	1	1	1	1	0	1	1	0	1	0	0	1	1	0	1	1	0	0	0	1	1	1	2.033777	0.702060315789474	-0.351905833337562	1.05396614912704
"Adelboden_random_4_13"	1	1	0	0	1	0	1	1	1	0	1	1	0	1	1	0	1	0	0	1	1	0	1	1	0	0	0	1	1	1	2.036988	0.707663277777778	-0.258618371970534	0.966281649748311
"Adelboden_random_4_14"	1	1	0	0	1	0	1	1	1	0	1	1	0	1	1	0	0	0	0	1	1	0	1	1	0	0	0	1	1	1	2.029136	0.646108823529412	-0.381146206377822	1.02725502990723
"Adelboden_random_4_15"	1	1	0	0	1	0	1	1	1	0	1	1	0	1	1	0	0	0	0	1	1	0	0	1	0	0	0	1	1	1	2.034517	0.5668368125	-0.716451210831605	1.28328802333161
"Adelboden_random_4_16"	1	1	0	0	1	0	1	1	1	0	1	1	0	1	1	0	0	0	0	1	0	0	0	1	0	0	0	1	1	1	2.026048	0.544237933333333	-0.564531557332492	1.10876949066583
"Adelboden_random_4_17"	1	1	0	0	1	0	1	1	1	0	0	1	0	1	1	0	0	0	0	1	0	0	0	1	0	0	0	1	1	1	1.875507	0.502630428571429	-0.598622281655288	1.10125271022672
"Adelboden_random_4_18"	1	1	0	0	1	0	0	1	1	0	0	1	0	1	1	0	0	0	0	1	0	0	0	1	0	0	0	1	1	1	1.805517	0.522115	-0.272000399371498	0.794115399371498
"Adelboden_random_5_12"	0	1	0	1	1	1	1	1	0	0	0	1	1	1	1	1	0	1	1	0	1	0	1	1	0	0	1	1	0	1	2.158755	0.877570315789474	-2.18500533885384	3.06257565464332
"Adelboden_random_5_13"	0	1	0	1	1	1	1	1	0	0	0	1	1	1	1	1	0	1	1	0	1	0	1	1	0	0	1	0	0	1	2.475038	1.18705916666667	-2.0896102464304	3.27666941309707
"Adelboden_random_5_14"	0	1	0	1	1	1	1	1	0	0	0	1	1	0	1	1	0	1	1	0	1	0	1	1	0	0	1	0	0	1	2.496575	1.13285811764706	-0.730459109063772	1.86331722671083
"Adelboden_random_5_15"	0	1	0	1	1	1	1	1	0	0	0	1	1	0	1	0	0	1	1	0	1	0	1	1	0	0	1	0	0	1	2.486161	1.1304629375	-0.598847450236066	1.72931038773607
"Adelboden_random_5_16"	0	0	0	1	1	1	1	1	0	0	0	1	1	0	1	0	0	1	1	0	1	0	1	1	0	0	1	0	0	1	2.484761	1.14131793333333	-0.642854129059708	1.78417206239304
"Adelboden_random_5_17"	0	0	0	1	0	1	1	1	0	0	0	1	1	0	1	0	0	1	1	0	1	0	1	1	0	0	1	0	0	1	2.531282	1.18129035714286	-0.624849299153503	1.80613965629636
"Adelboden_random_5_18"	0	0	0	1	0	1	1	1	0	0	0	1	1	0	1	0	0	1	1	0	0	0	1	1	0	0	1	0	0	1	2.419609	1.06236661538462	-0.710091874248329	1.77245848963294
"Adelboden_random_6_12"	0	1	1	1	1	0	1	1	1	1	1	0	1	1	0	0	1	0	1	0	0	1	1	1	0	0	1	1	0	1	1.966882	0.875203578947368	0.0466924404946779	0.82851113845269
"Adelboden_random_6_13"	0	1	1	1	1	0	1	0	1	1	1	0	1	1	0	0	1	0	1	0	0	1	1	1	0	0	1	1	0	1	2.017568	0.946815611111111	-0.0566356497997934	1.0034512609109
"Adelboden_random_6_14"	0	1	1	1	1	0	1	0	1	1	1	0	1	1	0	0	0	0	1	0	0	1	1	1	0	0	1	1	0	1	2.016882	0.907637294117647	-0.396863358784626	1.30450065290227
"Adelboden_random_6_15"	0	1	1	1	1	0	1	0	1	0	1	0	1	1	0	0	0	0	1	0	0	1	1	1	0	0	1	1	0	1	2.016347	0.92369775	0.164548481641746	0.759149268358254
"Adelboden_random_6_16"	0	1	1	1	1	0	1	0	1	0	0	0	1	1	0	0	0	0	1	0	0	1	1	1	0	0	1	1	0	1	1.843886	0.878852066666667	-0.11123062309144	0.990082689758107
"Adelboden_random_6_17"	0	1	1	1	0	0	1	0	1	0	0	0	1	1	0	0	0	0	1	0	0	1	1	1	0	0	1	1	0	1	1.801713	0.857159714285714	0.121993458465846	0.735166255819869
"Adelboden_random_6_18"	0	1	1	1	0	0	1	0	1	0	0	0	1	0	0	0	0	0	1	0	0	1	1	1	0	0	1	1	0	1	1.83624	0.819062	0.577581213238172	0.241480786761828
"Adelboden_random_7_12"	1	1	0	1	0	0	1	1	1	1	0	0	0	1	1	0	1	1	0	0	1	0	1	1	1	1	1	0	1	1	2.216661	1.03059584210526	-0.135719444826748	1.16631528693201
"Adelboden_random_7_13"	1	0	0	1	0	0	1	1	1	1	0	0	0	1	1	0	1	1	0	0	1	0	1	1	1	1	1	0	1	1	2.273192	1.10676338888889	0.152523410026728	0.95423997886216
"Adelboden_random_7_14"	1	0	0	1	0	0	0	1	1	1	0	0	0	1	1	0	1	1	0	0	1	0	1	1	1	1	1	0	1	1	2.213077	1.12721411764706	0.316611109661591	0.810603007985468
"Adelboden_random_7_15"	1	0	0	1	0	0	0	1	1	1	0	0	0	1	1	0	1	1	0	0	1	0	1	0	1	1	1	0	1	1	2.229847	1.1001466875	0.105973404370248	0.994173283129752
"Adelboden_random_7_16"	1	0	0	1	0	0	0	1	1	1	0	0	0	1	1	0	1	1	0	0	1	0	1	0	1	0	1	0	1	1	2.275822	1.08086186666667	0.102304734566394	0.978557132100273
"Adelboden_random_7_17"	1	0	0	1	0	0	0	1	1	1	0	0	0	1	1	0	1	1	0	0	1	0	0	0	1	0	1	0	1	1	2.203739	0.925465928571429	-0.0656488352827172	0.991114763854146
"Adelboden_random_7_18"	1	0	0	1	0	0	0	1	1	1	0	0	0	1	1	0	1	1	0	0	1	0	0	0	1	0	0	0	1	1	2.228214	0.851861230769231	-0.346258409884932	1.19811964065416
"Adelboden_random_8_12"	1	1	0	1	1	1	0	1	1	1	1	1	0	0	1	0	1	1	0	1	1	0	0	0	0	1	1	0	1	1	2.006589	0.591551842105263	0.184648766758859	0.406903075346404
"Adelboden_random_8_13"	1	1	0	1	1	0	0	1	1	1	1	1	0	0	1	0	1	1	0	1	1	0	0	0	0	1	1	0	1	1	2.015364	0.653090055555556	0.0558220295190993	0.597268026036456
"Adelboden_random_8_14"	1	1	0	1	1	0	0	1	1	1	1	1	0	0	1	0	1	1	0	1	1	0	0	0	0	0	1	0	1	1	2.00176	0.56822305882353	-0.0623854083134898	0.630608467137019
"Adelboden_random_8_15"	1	1	0	1	1	0	0	1	1	1	0	1	0	0	1	0	1	1	0	1	1	0	0	0	0	0	1	0	1	1	1.887004	0.5518009375	0.15071806160725	0.40108287589275
"Adelboden_random_8_16"	1	1	0	1	1	0	0	1	0	1	0	1	0	0	1	0	1	1	0	1	1	0	0	0	0	0	1	0	1	1	2.580609	1.2735098	-0.612799628264607	1.88630942826461
"Adelboden_random_8_17"	1	1	0	1	1	0	0	1	0	1	0	1	0	0	1	0	1	0	0	1	1	0	0	0	0	0	1	0	1	1	2.596159	1.35099435714286	-0.412167427002664	1.76316178414552
"Adelboden_random_8_18"	1	1	0	0	1	0	0	1	0	1	0	1	0	0	1	0	1	0	0	1	1	0	0	0	0	0	1	0	1	1	2.86561	1.60147130769231	-0.410457836612984	2.01192914430529
"Adelboden_random_9_12"	1	1	0	0	0	1	1	1	0	0	1	0	1	1	1	1	1	0	0	0	1	1	1	1	1	1	1	0	1	0	3.055333	1.81388778947368	0.0506151043096182	1.76327268516407
"Adelboden_random_9_13"	1	1	0	0	0	1	1	1	0	0	1	0	1	0	1	1	1	0	0	0	1	1	1	1	1	1	1	0	1	0	3.070009	1.75961861111111	1.00610588203423	0.753512729076877
"Adelboden_random_9_14"	1	1	0	0	0	1	1	1	0	0	1	0	1	0	1	1	1	0	0	0	1	1	1	1	1	1	0	0	1	0	3.066032	1.67875023529412	1.13999094587895	0.538759289415169
"Adelboden_random_9_15"	1	1	0	0	0	1	1	1	0	0	1	0	1	0	1	1	1	0	0	0	1	1	1	0	1	1	0	0	1	0	2.98833	1.538372125	1.02389043702832	0.51448168797168
"Adelboden_random_9_16"	1	1	0	0	0	1	1	1	0	0	1	0	1	0	1	1	1	0	0	0	1	1	1	0	1	0	0	0	1	0	2.985986	1.4494178	0.921457273431663	0.527960526568337
"Adelboden_random_9_17"	1	1	0	0	0	1	1	1	0	0	1	0	1	0	1	1	1	0	0	0	1	1	1	0	0	0	0	0	1	0	2.763892	1.28543142857143	0.876456482507757	0.408974946063672
"Adelboden_random_9_18"	1	1	0	0	0	1	1	1	0	0	1	0	1	0	1	1	1	0	0	0	1	1	0	0	0	0	0	0	1	0	2.69819	1.10820007692308	0.71762066991561	0.390579407007467
"Adelboden_random_10_12"	1	1	0	1	1	1	0	0	0	0	1	0	1	1	1	1	1	1	0	1	1	0	1	1	1	1	0	0	0	1	3.226224	2.08386731578947	0.226185911901789	1.85768140388768
"Adelboden_random_10_13"	1	1	0	1	1	1	0	0	0	0	1	0	1	1	0	1	1	1	0	1	1	0	1	1	1	1	0	0	0	1	3.223739	2.1445015	-0.189346063095756	2.33384756309576
"Adelboden_random_10_14"	1	1	0	1	1	1	0	0	0	0	1	0	1	1	0	1	0	1	0	1	1	0	1	1	1	1	0	0	0	1	3.180704	2.06247505882353	-0.422742045382897	2.48521710420643
"Adelboden_random_10_15"	1	1	0	1	1	1	0	0	0	0	1	0	1	1	0	1	0	1	0	1	1	0	1	0	1	1	0	0	0	1	3.150214	1.98612475	-0.374850859283223	2.36097560928322
"Adelboden_random_10_16"	1	1	0	1	1	1	0	0	0	0	1	0	1	1	0	1	0	1	0	1	0	0	1	0	1	1	0	0	0	1	3.176048	2.01806826666667	-0.368235179073241	2.38630344573991
"Adelboden_random_10_17"	1	1	0	1	1	1	0	0	0	0	1	0	1	1	0	0	0	1	0	1	0	0	1	0	1	1	0	0	0	1	3.172893	2.03877314285714	-0.358824487083851	2.39759762994099
"Adelboden_random_10_18"	1	1	0	0	1	1	0	0	0	0	1	0	1	1	0	0	0	1	0	1	0	0	1	0	1	1	0	0	0	1	3.262904	2.118352	-0.373274684966369	2.49162668496637
"Adelboden_random_11_12"	1	1	0	0	0	0	1	0	0	1	0	1	1	0	1	1	1	1	0	1	0	1	1	1	1	1	1	1	1	0	2.606667	1.38425721052632	0.312226246034944	1.07203096449137
"Adelboden_random_11_13"	1	1	0	0	0	0	1	0	0	1	0	1	0	0	1	1	1	1	0	1	0	1	1	1	1	1	1	1	1	0	2.59647	1.32504688888889	0.252118408979773	1.07292847990912
"Adelboden_random_11_14"	1	1	0	0	0	0	1	0	0	1	0	1	0	0	1	1	1	1	0	1	0	1	0	1	1	1	1	1	1	0	2.518217	1.17368541176471	0.130600599414594	1.04308481235011
"Adelboden_random_11_15"	1	1	0	0	0	0	1	0	0	1	0	1	0	0	1	1	1	1	0	0	0	1	0	1	1	1	1	1	1	0	2.597407	1.1688911875	0.447519854318654	0.721371333181346
"Adelboden_random_11_16"	1	1	0	0	0	0	1	0	0	1	0	0	0	0	1	1	1	1	0	0	0	1	0	1	1	1	1	1	1	0	2.561696	1.23967	0.57830031939765	0.66136968060235
"Adelboden_random_11_17"	1	1	0	0	0	0	1	0	0	1	0	0	0	0	1	1	1	1	0	0	0	1	0	1	1	1	1	1	0	0	2.550736	1.28768578571429	0.64246134491119	0.645224440803095
"Adelboden_random_11_18"	1	1	0	0	0	0	1	0	0	1	0	0	0	0	1	0	1	1	0	0	0	1	0	1	1	1	1	1	0	0	2.633688	1.38825069230769	0.677491117822119	0.710759574485573
"Adelboden_random_12_12"	1	0	1	0	1	1	1	0	0	1	1	1	1	1	1	1	0	1	1	0	0	0	1	0	1	0	1	1	1	0	2.994217	1.59544373684211	-0.606595859330454	2.20203959617256
"Adelboden_random_12_13"	1	0	1	0	1	1	1	0	0	1	1	1	1	1	1	1	0	1	1	0	0	0	1	0	1	0	0	1	1	0	3.046842	1.57053894444444	-0.118966537384305	1.68950548182875
"Adelboden_random_12_14"	1	0	0	0	1	1	1	0	0	1	1	1	1	1	1	1	0	1	1	0	0	0	1	0	1	0	0	1	1	0	3.032647	1.506684	-0.70632930453536	2.21301330453536
"Adelboden_random_12_15"	1	0	0	0	1	1	1	0	0	1	1	1	1	1	1	1	0	1	1	0	0	0	1	0	0	0	0	1	1	0	2.491513	1.017057	-1.28101404122464	2.29807104122464
"Adelboden_random_12_16"	1	0	0	0	1	1	1	0	0	1	1	1	1	0	1	1	0	1	1	0	0	0	1	0	0	0	0	1	1	0	2.501002	0.928277733333333	0.339861875279227	0.588415858054106
"Adelboden_random_12_17"	1	0	0	0	1	1	1	0	0	1	1	1	1	0	1	1	0	1	1	0	0	0	0	0	0	0	0	1	1	0	2.49763	0.814609642857143	0.178308148335313	0.636301494521829
"Adelboden_random_12_18"	1	0	0	0	1	1	1	0	0	1	1	1	1	0	1	0	0	1	1	0	0	0	0	0	0	0	0	1	1	0	2.528036	0.830323153846154	0.171840477366214	0.65848267647994
"Adelboden_random_13_12"	1	1	1	0	1	1	0	0	0	1	0	1	1	1	0	1	0	1	1	1	0	0	1	1	0	0	1	1	1	1	2.038054	0.986425631578947	-1.6985993338304	2.68502496540935
"Adelboden_random_13_13"	1	1	1	0	1	1	0	0	0	1	0	1	1	1	0	1	0	1	1	1	0	0	0	1	0	0	1	1	1	1	2.042479	0.934014555555555	-1.73352242735159	2.66753698290714
"Adelboden_random_13_14"	1	1	1	0	1	1	0	0	0	1	0	1	1	1	0	1	0	1	1	1	0	0	0	1	0	0	1	1	0	1	1.759326	0.711992294117647	-2.13876498393745	2.85075727805509
"Adelboden_random_13_15"	1	1	1	0	1	1	0	0	0	1	0	1	1	1	0	1	0	1	1	1	0	0	0	1	0	0	1	0	0	1	1.931592	0.8912305625	-2.61146613247688	3.50269669497688
"Adelboden_random_13_16"	1	1	1	0	1	1	0	0	0	1	0	1	1	1	0	0	0	1	1	1	0	0	0	1	0	0	1	0	0	1	2.011952	1.001701	-2.79574011998578	3.79744111998578
"Adelboden_random_13_17"	1	1	1	0	1	1	0	0	0	0	0	1	1	1	0	0	0	1	1	1	0	0	0	1	0	0	1	0	0	1	2.048792	1.06457821428571	-2.17897399182077	3.24355220610649
"Adelboden_random_13_18"	1	1	1	0	1	1	0	0	0	0	0	1	1	1	0	0	0	1	1	1	0	0	0	1	0	0	1	0	0	0	1.743133	0.810208769230769	-2.04131394777483	2.8515227170056
"Adelboden_random_14_12"	0	1	1	1	1	1	1	1	1	1	1	1	1	1	0	0	0	1	0	1	1	1	1	0	0	0	1	0	0	0	1.997018	0.651649210526316	-0.696121501445895	1.34777071197221
"Adelboden_random_14_13"	0	1	1	1	0	1	1	1	1	1	1	1	1	1	0	0	0	1	0	1	1	1	1	0	0	0	1	0	0	0	1.956699	0.606129888888889	-0.824377049274247	1.43050693816314
"Adelboden_random_14_14"	0	1	1	1	0	1	1	1	1	1	1	1	1	1	0	0	0	0	0	1	1	1	1	0	0	0	1	0	0	0	1.992576	0.690454764705882	-0.413627003533322	1.1040817682392
"Adelboden_random_14_15"	0	1	1	1	0	1	1	1	1	1	1	1	1	1	0	0	0	0	0	0	1	1	1	0	0	0	1	0	0	0	1.999269	0.6158141875	-0.645907029573442	1.26172121707344
"Adelboden_random_14_16"	0	1	1	1	0	1	0	1	1	1	1	1	1	1	0	0	0	0	0	0	1	1	1	0	0	0	1	0	0	0	1.962263	0.6556476	-0.673092851084372	1.32874045108437
"Adelboden_random_14_17"	0	1	1	1	0	1	0	1	1	1	1	0	1	1	0	0	0	0	0	0	1	1	1	0	0	0	1	0	0	0	1.908808	0.724996	-0.36294662718031	1.08794262718031
"Adelboden_random_14_18"	0	0	1	1	0	1	0	1	1	1	1	0	1	1	0	0	0	0	0	0	1	1	1	0	0	0	1	0	0	0	1.967231	0.810781384615385	-0.150794407207559	0.961575791822944
"Adelboden_random_15_12"	1	1	1	1	1	1	1	1	0	0	0	1	1	0	1	1	1	1	1	0	0	1	1	0	0	1	0	0	0	1	2.317649	1.02486842105263	0.307009567811611	0.717858853241021
"Adelboden_random_15_13"	0	1	1	1	1	1	1	1	0	0	0	1	1	0	1	1	1	1	1	0	0	1	1	0	0	1	0	0	0	1	2.284753	0.921275277777778	0.173817689386955	0.747457588390823
"Adelboden_random_15_14"	0	1	1	1	1	1	1	1	0	0	0	1	1	0	1	1	0	1	1	0	0	1	1	0	0	1	0	0	0	1	2.341029	0.921839823529412	0.0864036267670446	0.835436196762367
"Adelboden_random_15_15"	0	1	1	1	1	1	1	1	0	0	0	1	0	0	1	1	0	1	1	0	0	1	1	0	0	1	0	0	0	1	2.349068	0.862440125	0.0957629074476779	0.766677217552322
"Adelboden_random_15_16"	0	1	1	1	1	1	0	1	0	0	0	1	0	0	1	1	0	1	1	0	0	1	1	0	0	1	0	0	0	1	2.284204	0.867537333333333	0.172145986931804	0.695391346401529
"Adelboden_random_15_17"	0	1	1	1	1	1	0	1	0	0	0	1	0	0	1	1	0	1	1	0	0	1	0	0	0	1	0	0	0	1	2.265816	0.750000214285714	0.0415223738682778	0.708477840417437
"Adelboden_random_15_18"	0	1	0	1	1	1	0	1	0	0	0	1	0	0	1	1	0	1	1	0	0	1	0	0	0	1	0	0	0	1	2.304449	0.720653846153846	-0.101619107420043	0.822272953573889
"Adelboden_random_16_12"	0	1	0	1	1	0	1	1	0	1	0	1	1	0	1	0	0	0	1	1	1	1	1	0	1	0	1	1	1	1	2.737034	1.38947978947368	0.107724033213737	1.28175575625995
"Adelboden_random_16_13"	0	1	0	1	1	0	1	1	0	1	0	0	1	0	1	0	0	0	1	1	1	1	1	0	1	0	1	1	1	1	2.613194	1.35887916666667	0.227690692762672	1.131188473904
"Adelboden_random_16_14"	0	1	0	1	1	0	1	1	0	1	0	0	0	0	1	0	0	0	1	1	1	1	1	0	1	0	1	1	1	1	2.688682	1.38059394117647	0.148402002500298	1.23219193867617
"Adelboden_random_16_15"	0	1	0	1	1	0	1	1	0	1	0	0	0	0	1	0	0	0	1	1	1	1	1	0	1	0	1	1	0	1	2.653433	1.397819875	-0.0188175904400516	1.41663746544005
"Adelboden_random_16_16"	0	1	0	1	1	0	1	1	0	1	0	0	0	0	1	0	0	0	0	1	1	1	1	0	1	0	1	1	0	1	2.595763	1.282476	-0.0160806365546301	1.29855663655463
"Adelboden_random_16_17"	0	1	0	1	0	0	1	1	0	1	0	0	0	0	1	0	0	0	0	1	1	1	1	0	1	0	1	1	0	1	2.634366	1.31668442857143	0.168413702381197	1.14827072619023
"Adelboden_random_16_18"	0	1	0	1	0	0	1	1	0	1	0	0	0	0	1	0	0	0	0	1	1	1	0	0	1	0	1	1	0	1	2.565562	1.14871869230769	-0.104257375494335	1.25297606780203
"Adelboden_random_17_12"	1	0	1	1	1	1	0	0	1	1	1	1	0	0	0	0	1	0	0	0	1	1	1	1	0	1	1	1	1	1	2.057424	0.824163	0.480796286736799	0.343366713263201
"Adelboden_random_17_13"	1	0	1	0	1	1	0	0	1	1	1	1	0	0	0	0	1	0	0	0	1	1	1	1	0	1	1	1	1	1	1.995286	0.748982833333333	0.497420171448614	0.251562661884719
"Adelboden_random_17_14"	1	0	1	0	1	1	0	0	1	1	1	1	0	0	0	0	1	0	0	0	1	1	1	1	0	1	0	1	1	1	1.974249	0.654824294117647	0.532597104703201	0.122227189414446
"Adelboden_random_17_15"	1	0	1	0	1	1	0	0	1	1	1	1	0	0	0	0	1	0	0	0	1	1	1	1	0	1	0	1	1	0	1.985008	0.686305375	0.562557974677712	0.123747400322288
"Adelboden_random_17_16"	1	0	1	0	1	1	0	0	1	1	1	1	0	0	0	0	1	0	0	0	1	0	1	1	0	1	0	1	1	0	1.966699	0.701654533333333	0.592660267057311	0.108994266276022
"Adelboden_random_17_17"	1	0	1	0	1	1	0	0	1	1	1	1	0	0	0	0	1	0	0	0	1	0	0	1	0	1	0	1	1	0	1.971151	0.617787571428571	0.500683629850437	0.117103941578135
"Adelboden_random_17_18"	1	0	1	0	1	1	0	0	1	1	0	1	0	0	0	0	1	0	0	0	1	0	0	1	0	1	0	1	1	0	1.81293	0.586760076923077	0.515792499386911	0.0709675775361664
"Adelboden_random_18_12"	0	0	1	1	1	0	1	1	0	1	1	0	1	1	1	1	1	0	0	0	0	1	1	1	1	1	1	0	1	0	2.89482	1.70196115789474	0.180465456872913	1.52149570102182
"Adelboden_random_18_13"	0	0	1	1	1	0	1	1	0	1	1	0	0	1	1	1	1	0	0	0	0	1	1	1	1	1	1	0	1	0	2.932669	1.69243855555556	-0.149329931624437	1.84176848717999
"Adelboden_random_18_14"	0	0	1	1	1	0	1	1	0	1	1	0	0	1	1	1	0	0	0	0	0	1	1	1	1	1	1	0	1	0	2.961092	1.67239994117647	0.0884875977694286	1.58391234340704
"Adelboden_random_18_15"	0	0	1	1	1	0	1	1	0	0	1	0	0	1	1	1	0	0	0	0	0	1	1	1	1	1	1	0	1	0	2.914465	1.6311529375	-0.406387952160811	2.03754088966081
"Adelboden_random_18_16"	0	0	1	1	1	0	1	1	0	0	1	0	0	1	1	1	0	0	0	0	0	1	1	1	1	1	0	0	1	0	2.950238	1.5815876	0.00715646814335238	1.57443113185665
"Adelboden_random_18_17"	0	0	1	1	1	0	1	1	0	0	1	0	0	1	1	1	0	0	0	0	0	1	1	1	0	1	0	0	1	0	2.541398	1.24284935714286	-0.54902209165475	1.79187144879761
"Adelboden_random_18_18"	0	0	1	1	1	0	1	1	0	0	1	0	0	1	1	1	0	0	0	0	0	1	1	1	0	0	0	0	1	0	2.528053	1.14121623076923	-0.538491377676626	1.67970760844586
"Adelboden_random_19_12"	1	1	1	1	0	0	0	1	1	0	1	1	1	1	1	1	1	1	0	0	1	1	1	1	1	0	0	0	0	0	2.318595	1.00426321052632	0.0403433054262078	0.963919905100108
"Adelboden_random_19_13"	1	1	1	1	0	0	0	1	1	0	0	1	1	1	1	1	1	1	0	0	1	1	1	1	1	0	0	0	0	0	2.164439	0.944137611111111	-0.354907509845147	1.29904512095626
"Adelboden_random_19_14"	1	1	1	1	0	0	0	1	1	0	0	1	1	0	1	1	1	1	0	0	1	1	1	1	1	0	0	0	0	0	2.204883	0.912824588235294	0.653618984952944	0.25920560328235
"Adelboden_random_19_15"	1	1	1	1	0	0	0	1	1	0	0	1	1	0	1	1	1	0	0	0	1	1	1	1	1	0	0	0	0	0	2.14445	0.907524375	0.693687982745838	0.213836392254162
"Adelboden_random_19_16"	1	1	1	1	0	0	0	1	1	0	0	1	0	0	1	1	1	0	0	0	1	1	1	1	1	0	0	0	0	0	2.155871	0.859161666666667	0.636691634626468	0.222470032040199
"Adelboden_random_19_17"	1	1	1	1	0	0	0	1	1	0	0	1	0	0	1	0	1	0	0	0	1	1	1	1	1	0	0	0	0	0	2.193111	0.910352285714286	0.674468171732938	0.235884113981348
"Adelboden_random_19_18"	1	1	1	1	0	0	0	1	1	0	0	1	0	0	1	0	1	0	0	0	0	1	1	1	1	0	0	0	0	0	2.116851	0.832013307692308	0.641705839205323	0.190307468486985
"Adelboden_random_20_12"	1	1	1	1	1	0	1	1	0	1	1	1	0	1	1	0	0	1	1	0	0	0	1	0	1	0	1	1	1	0	2.969432	1.58068984210526	-0.510433399299467	2.09112324140473
"Adelboden_random_20_13"	1	1	1	1	1	0	1	1	0	1	0	1	0	1	1	0	0	1	1	0	0	0	1	0	1	0	1	1	1	0	2.705621	1.40677533333333	-0.643987946514438	2.05076327984777
"Adelboden_random_20_14"	1	1	1	0	1	0	1	1	0	1	0	1	0	1	1	0	0	1	1	0	0	0	1	0	1	0	1	1	1	0	2.768581	1.45206805882353	-0.891028866726725	2.34309692555025
"Adelboden_random_20_15"	0	1	1	0	1	0	1	1	0	1	0	1	0	1	1	0	0	1	1	0	0	0	1	0	1	0	1	1	1	0	2.777667	1.3801365	-1.05367995102386	2.43381645102386
"Adelboden_random_20_16"	0	1	1	0	0	0	1	1	0	1	0	1	0	1	1	0	0	1	1	0	0	0	1	0	1	0	1	1	1	0	2.793419	1.38617066666667	-0.912060896846222	2.29823156351289
"Adelboden_random_20_17"	0	1	0	0	0	0	1	1	0	1	0	1	0	1	1	0	0	1	1	0	0	0	1	0	1	0	1	1	1	0	2.778964	1.31634678571429	-1.02674641748075	2.34309320319504
"Adelboden_random_20_18"	0	0	0	0	0	0	1	1	0	1	0	1	0	1	1	0	0	1	1	0	0	0	1	0	1	0	1	1	1	0	2.734763	1.27806161538462	-1.09991186272093	2.37797347810554
"Adelboden_random_21_12"	1	0	1	1	0	1	0	0	0	1	0	1	1	1	1	0	1	1	1	1	0	0	1	1	0	0	1	1	1	1	2.223567	1.20298689473684	-0.967093149885743	2.17008004462258
"Adelboden_random_21_13"	1	0	1	1	0	1	0	0	0	1	0	1	1	1	1	0	1	0	1	1	0	0	1	1	0	0	1	1	1	1	2.229828	1.27333694444444	-0.862806871861236	2.13614381630568
"Adelboden_random_21_14"	1	0	1	1	0	0	0	0	0	1	0	1	1	1	1	0	1	0	1	1	0	0	1	1	0	0	1	1	1	1	2.206678	1.33302717647059	-0.582227493202362	1.91525466967295
"Adelboden_random_21_15"	1	0	1	1	0	0	0	0	0	1	0	1	1	1	0	0	1	0	1	1	0	0	1	1	0	0	1	1	1	1	2.038814	1.252966375	-0.292961330315356	1.54592770531536
"Adelboden_random_21_16"	1	0	1	1	0	0	0	0	0	1	0	1	0	1	0	0	1	0	1	1	0	0	1	1	0	0	1	1	1	1	2.051279	1.23571953333333	-0.553623531100141	1.78934306443347
"Adelboden_random_21_17"	1	0	1	0	0	0	0	0	0	1	0	1	0	1	0	0	1	0	1	1	0	0	1	1	0	0	1	1	1	1	2.037074	1.23458185714286	-0.475489301734235	1.71007115887709
"Adelboden_random_21_18"	1	0	1	0	0	0	0	0	0	1	0	1	0	0	0	0	1	0	1	1	0	0	1	1	0	0	1	1	1	1	2.059554	1.19536492307692	0.343107616078226	0.852257306998696
"Adelboden_random_22_12"	1	1	1	1	1	1	0	1	1	1	0	1	0	1	1	1	1	1	1	0	1	0	1	0	0	0	1	0	0	0	1.825368	0.642621	-0.361516871085153	1.00413787108515
"Adelboden_random_22_13"	1	1	1	1	1	1	0	1	1	1	0	0	0	1	1	1	1	1	1	0	1	0	1	0	0	0	1	0	0	0	1.869367	0.789015333333333	-0.332723203672203	1.12173853700554
"Adelboden_random_22_14"	1	1	1	1	1	1	0	1	1	1	0	0	0	1	1	1	1	1	0	0	1	0	1	0	0	0	1	0	0	0	1.806989	0.686058117647059	-0.182448472128021	0.86850658977508
"Adelboden_random_22_15"	1	1	1	1	1	1	0	0	1	1	0	0	0	1	1	1	1	1	0	0	1	0	1	0	0	0	1	0	0	0	1.840259	0.741041625	-0.454127173797976	1.19516879879798
"Adelboden_random_22_16"	1	1	0	1	1	1	0	0	1	1	0	0	0	1	1	1	1	1	0	0	1	0	1	0	0	0	1	0	0	0	1.841825	0.7114654	-0.144897037340391	0.856362437340392
"Adelboden_random_22_17"	1	1	0	1	1	0	0	0	1	1	0	0	0	1	1	1	1	1	0	0	1	0	1	0	0	0	1	0	0	0	1.812994	0.770806928571429	0.126025217971807	0.644781710599622
"Adelboden_random_22_18"	1	1	0	1	1	0	0	0	1	0	0	0	0	1	1	1	1	1	0	0	1	0	1	0	0	0	1	0	0	0	1.850437	0.833833384615385	0.0607400322503116	0.773093352365073
"Adelboden_random_23_12"	1	1	0	1	1	1	1	0	1	1	0	1	0	1	0	0	1	0	1	1	1	0	1	1	0	1	1	0	0	1	1.860596	0.852694210526316	-0.193235054749404	1.04592926527572
"Adelboden_random_23_13"	1	1	0	1	1	1	0	0	1	1	0	1	0	1	0	0	1	0	1	1	1	0	1	1	0	1	1	0	0	1	1.804808	0.881803111111111	-0.0794566832187046	0.961259794329816
"Adelboden_random_23_14"	1	1	0	1	1	1	0	0	1	1	0	1	0	1	0	0	1	0	1	1	1	0	1	1	0	0	1	0	0	1	1.844014	0.875585470588235	-0.13403829158655	1.00962376217478
"Adelboden_random_23_15"	1	1	0	1	1	1	0	0	1	0	0	1	0	1	0	0	1	0	1	1	1	0	1	1	0	0	1	0	0	1	1.846565	0.9035329375	-0.334583565207109	1.23811650270711
"Adelboden_random_23_16"	1	1	0	1	1	1	0	0	1	0	0	1	0	1	0	0	0	0	1	1	1	0	1	1	0	0	1	0	0	1	1.843951	0.865809	-0.177578864705797	1.0433878647058
"Adelboden_random_23_17"	1	1	0	1	1	1	0	0	0	0	0	1	0	1	0	0	0	0	1	1	1	0	1	1	0	0	1	0	0	1	2.219637	1.29711064285714	-1.98143524556217	3.27854588841931
"Adelboden_random_23_18"	1	1	0	1	1	1	0	0	0	0	0	1	0	1	0	0	0	0	1	1	1	0	1	0	0	0	1	0	0	1	2.289285	1.32536923076923	-2.3136268921769	3.63899612294613
"Adelboden_random_24_12"	0	1	0	1	1	1	1	0	1	0	0	1	1	0	1	0	0	1	0	1	1	1	1	1	0	1	1	1	1	0	1.838318	0.512010684210526	-0.00586620442935301	0.517876888639879
"Adelboden_random_24_13"	0	1	0	1	1	1	1	0	1	0	0	1	1	0	1	0	0	1	0	1	1	1	1	1	0	0	1	1	1	0	1.842909	0.451295888888889	-0.0296158375817855	0.480911726470674
"Adelboden_random_24_14"	0	1	0	1	1	1	1	0	1	0	0	1	1	0	1	0	0	1	0	0	1	1	1	1	0	0	1	1	1	0	1.836	0.362573411764706	0.0960382715914759	0.26653514017323
"Adelboden_random_24_15"	0	1	0	1	1	1	1	0	1	0	0	0	1	0	1	0	0	1	0	0	1	1	1	1	0	0	1	1	1	0	1.881966	0.5055666875	0.191554998225642	0.314011689274358
"Adelboden_random_24_16"	0	1	0	1	1	1	1	0	1	0	0	0	1	0	1	0	0	0	0	0	1	1	1	1	0	0	1	1	1	0	1.875567	0.552353266666667	0.319367466646802	0.232985800019865
"Adelboden_random_24_17"	0	1	0	1	1	1	0	0	1	0	0	0	1	0	1	0	0	0	0	0	1	1	1	1	0	0	1	1	1	0	1.866057	0.629474142857143	0.312281916342793	0.317192226514349
"Adelboden_random_24_18"	0	1	0	1	1	1	0	0	0	0	0	0	1	0	1	0	0	0	0	0	1	1	1	1	0	0	1	1	1	0	2.059992	0.863422846153846	0.267999984125986	0.59542286202786
"Adelboden_random_25_12"	0	0	0	1	0	0	1	1	1	0	1	1	1	1	1	1	1	0	1	1	0	1	1	0	1	0	0	1	1	1	2.3406	0.927390736842105	-0.543673612241104	1.47106434908321
"Adelboden_random_25_13"	0	0	0	1	0	0	1	1	1	0	0	1	1	1	1	1	1	0	1	1	0	1	1	0	1	0	0	1	1	1	2.211634	0.886961944444445	0.0312601314178271	0.855701813026617
"Adelboden_random_25_14"	0	0	0	1	0	0	1	1	1	0	0	1	1	1	1	1	1	0	1	1	0	1	1	0	0	0	0	1	1	1	1.897232	0.632877764705883	-0.339916613716976	0.972794378422858
"Adelboden_random_25_15"	0	0	0	1	0	0	1	1	1	0	0	1	1	1	0	1	1	0	1	1	0	1	1	0	0	0	0	1	1	1	1.869338	0.668368	-0.605611044689673	1.27397904468967
"Adelboden_random_25_16"	0	0	0	1	0	0	1	1	1	0	0	0	1	1	0	1	1	0	1	1	0	1	1	0	0	0	0	1	1	1	1.871548	0.792237533333333	-0.164351197097812	0.956588730431145
"Adelboden_random_25_17"	0	0	0	1	0	0	1	1	0	0	0	0	1	1	0	1	1	0	1	1	0	1	1	0	0	0	0	1	1	1	1.967748	0.936826857142857	-0.365871710608797	1.30269856775165
"Adelboden_random_25_18"	0	0	0	1	0	0	1	1	0	0	0	0	1	1	0	0	1	0	1	1	0	1	1	0	0	0	0	1	1	1	2.049245	1.05379284615385	-0.393633487020901	1.44742633317475
"Adelboden_random_26_12"	1	1	1	0	1	1	1	1	1	1	0	0	1	0	1	1	1	1	0	0	0	0	0	1	1	0	1	1	1	0	2.205985	0.853884368421053	0.470889893217013	0.38299447520404
"Adelboden_random_26_13"	1	0	1	0	1	1	1	1	1	1	0	0	1	0	1	1	1	1	0	0	0	0	0	1	1	0	1	1	1	0	2.155625	0.813936722222222	0.498217710420813	0.315719011801409
"Adelboden_random_26_14"	1	0	1	0	1	1	1	1	1	1	0	0	1	0	1	1	1	1	0	0	0	0	0	1	1	0	1	0	1	0	2.204632	0.852190882352941	0.462736446727228	0.389454435625714
"Adelboden_random_26_15"	1	0	1	0	1	1	1	1	1	1	0	0	0	0	1	1	1	1	0	0	0	0	0	1	1	0	1	0	1	0	2.176128	0.7604199375	0.414210906798879	0.346209030701121
"Adelboden_random_26_16"	1	0	1	0	1	1	0	1	1	1	0	0	0	0	1	1	1	1	0	0	0	0	0	1	1	0	1	0	1	0	2.165401	0.824382133333333	0.469779423865558	0.354602709467775
"Adelboden_random_26_17"	1	0	1	0	1	1	0	1	1	1	0	0	0	0	1	1	1	1	0	0	0	0	0	1	1	0	1	0	0	0	2.179623	0.896223285714286	0.551179148072427	0.345044137641859
"Adelboden_random_26_18"	1	0	0	0	1	1	0	1	1	1	0	0	0	0	1	1	1	1	0	0	0	0	0	1	1	0	1	0	0	0	2.205098	0.871597076923077	0.516932675576873	0.354664401346204
"Adelboden_random_27_12"	0	0	1	0	0	0	1	1	0	0	1	1	0	1	0	1	1	1	0	1	0	1	1	1	1	1	1	1	1	1	2.860786	1.57492773684211	-0.413279141624689	1.98820687846679
"Adelboden_random_27_13"	0	0	1	0	0	0	1	1	0	0	1	1	0	1	0	1	1	1	0	1	0	1	0	1	1	1	1	1	1	1	2.911358	1.55565088888889	-0.421793765197883	1.97744465408677
"Adelboden_random_27_14"	0	0	1	0	0	0	1	1	0	0	1	1	0	1	0	1	1	1	0	1	0	1	0	1	1	1	1	0	1	1	2.981777	1.61449241176471	-0.654236764970154	2.26872917673486
"Adelboden_random_27_15"	0	0	1	0	0	0	1	1	0	0	0	1	0	1	0	1	1	1	0	1	0	1	0	1	1	1	1	0	1	1	2.725802	1.4609920625	-1.49563637454104	2.95662843704104
"Adelboden_random_27_16"	0	0	1	0	0	0	1	1	0	0	0	1	0	1	0	1	1	1	0	1	0	1	0	1	1	1	1	0	1	0	2.619588	1.3805226	-1.01843551110174	2.39895811110174
"Adelboden_random_27_17"	0	0	1	0	0	0	1	1	0	0	0	0	0	1	0	1	1	1	0	1	0	1	0	1	1	1	1	0	1	0	2.613846	1.502409	-0.753360767399988	2.25576976739999
"Adelboden_random_27_18"	0	0	1	0	0	0	0	1	0	0	0	0	0	1	0	1	1	1	0	1	0	1	0	1	1	1	1	0	1	0	2.53276	1.53090830769231	-0.190105841932215	1.72101414962452
"Adelboden_random_28_12"	0	1	1	0	1	1	0	0	0	1	0	1	0	0	1	0	1	1	1	1	1	1	1	1	1	1	1	1	0	0	2.72799	1.53933252631579	0.341559441367719	1.19777308494807
"Adelboden_random_28_13"	0	1	1	0	1	1	0	0	0	1	0	1	0	0	1	0	1	1	1	1	1	0	1	1	1	1	1	1	0	0	2.763876	1.60938061111111	0.276175770677422	1.33320484043369
"Adelboden_random_28_14"	0	1	1	0	1	1	0	0	0	1	0	0	0	0	1	0	1	1	1	1	1	0	1	1	1	1	1	1	0	0	2.786521	1.74210605882353	0.286480654964897	1.45562540385863
"Adelboden_random_28_15"	0	1	1	0	1	1	0	0	0	1	0	0	0	0	1	0	1	1	1	0	1	0	1	1	1	1	1	1	0	0	2.821801	1.712159125	0.768935622903598	0.943223502096402
"Adelboden_random_28_16"	0	1	1	0	1	1	0	0	0	1	0	0	0	0	1	0	1	1	0	0	1	0	1	1	1	1	1	1	0	0	2.731981	1.57439666666667	0.687080501399744	0.887316165266923
"Adelboden_random_28_17"	0	0	1	0	1	1	0	0	0	1	0	0	0	0	1	0	1	1	0	0	1	0	1	1	1	1	1	1	0	0	2.749279	1.618976	0.722007434088556	0.896968565911444
"Adelboden_random_28_18"	0	0	1	0	1	1	0	0	0	0	0	0	0	0	1	0	1	1	0	0	1	0	1	1	1	1	1	1	0	0	2.752847	1.64134930769231	0.748302320122414	0.893046987569894
"Adelboden_random_29_12"	1	0	0	1	1	1	1	0	0	1	0	1	0	1	1	0	1	1	0	0	0	1	1	1	1	1	0	1	1	1	2.756191	1.38163815789474	-0.171636336085362	1.5532744939801
"Adelboden_random_29_13"	1	0	0	1	1	1	1	0	0	1	0	1	0	1	1	0	1	1	0	0	0	1	1	1	1	0	0	1	1	1	2.766312	1.32377305555556	-0.831957784313827	2.15573083986938
"Adelboden_random_29_14"	1	0	0	1	1	1	1	0	0	0	0	1	0	1	1	0	1	1	0	0	0	1	1	1	1	0	0	1	1	1	2.713385	1.26685976470588	-0.277972778360794	1.54483254306668
"Adelboden_random_29_15"	1	0	0	1	1	1	1	0	0	0	0	1	0	1	0	0	1	1	0	0	0	1	1	1	1	0	0	1	1	1	2.598042	1.2035153125	-0.321696458752475	1.52521177125248
"Adelboden_random_29_16"	1	0	0	1	1	1	1	0	0	0	0	1	0	1	0	0	1	1	0	0	0	0	1	1	1	0	0	1	1	1	2.722371	1.3551142	-0.724089242752865	2.07920344275286
"Adelboden_random_29_17"	0	0	0	1	1	1	1	0	0	0	0	1	0	1	0	0	1	1	0	0	0	0	1	1	1	0	0	1	1	1	2.761006	1.29753314285714	-0.719829008980276	2.01736215183742
"Adelboden_random_29_18"	0	0	0	1	1	1	1	0	0	0	0	1	0	1	0	0	1	1	0	0	0	0	1	1	1	0	0	0	1	1	2.861438	1.37453569230769	-0.642574090413724	2.01710978272142
"Adelboden_random_30_12"	1	1	1	1	0	0	1	0	0	0	1	0	0	1	0	1	1	1	1	1	1	0	1	1	1	0	1	1	1	0	2.962077	1.88122252631579	-0.261103372554572	2.14232589887036
"Adelboden_random_30_13"	1	1	1	1	0	0	1	0	0	0	1	0	0	1	0	1	0	1	1	1	1	0	1	1	1	0	1	1	1	0	2.896862	1.77909244444444	-0.608894008623192	2.38798645306764
"Adelboden_random_30_14"	1	1	1	1	0	0	1	0	0	0	1	0	0	1	0	1	0	1	1	1	1	0	1	1	1	0	1	0	1	0	3.101808	1.98645729411765	-0.53772943236944	2.52418672648709
"Adelboden_random_30_15"	1	1	1	1	0	0	1	0	0	0	1	0	0	0	0	1	0	1	1	1	1	0	1	1	1	0	1	0	1	0	3.134757	1.949723875	0.698284214231078	1.25143966076892
"Adelboden_random_30_16"	1	1	1	1	0	0	1	0	0	0	1	0	0	0	0	1	0	1	1	1	0	0	1	1	1	0	1	0	1	0	3.093804	1.91348413333333	0.647056440727517	1.26642769260582
"Adelboden_random_30_17"	1	1	1	1	0	0	0	0	0	0	1	0	0	0	0	1	0	1	1	1	0	0	1	1	1	0	1	0	1	0	3.066818	1.98333571428571	0.782777070754854	1.20055864353086
"Adelboden_random_30_18"	1	1	1	1	0	0	0	0	0	0	1	0	0	0	0	1	0	1	1	1	0	0	1	1	1	0	0	0	1	0	3.027404	1.86082592307692	0.949767754051054	0.911058169025869
