"assemblage"	"AVir"	"PMon"	"TBac"	"AAlb"	"PCem"	"LDec"	"BPen"	"QRob"	"PAbi"	"PSyl"	"PNig"	"AInc"	"UGla"	"TPla"	"AGlu"	"QPub"	"SAri"	"PTre"	"APla"	"TCor"	"SAlb"	"QPet"	"CAve"	"SAuc"	"FSyl"	"ACam"	"CSat"	"APse"	"FExc"	"CBet"	"productivity"	"DeltaY"	"Selection"	"Complementarity"
"Cottbus_increasing_12"	1	1	1	1	1	1	1	1	1	1	1	1	1	1	1	1	1	1	1	0	0	0	0	0	0	0	0	0	0	0	1.966465	1.51811463157895	0.223714708970372	1.29439992260858
"Cottbus_decreasing_12"	0	0	0	0	0	0	0	0	0	0	0	1	1	1	1	1	1	1	1	1	1	1	1	1	1	1	1	1	1	1	1.628898	1.25622152631579	0.453071143191893	0.803150383123896
"Cottbus_random_1_12"	1	0	1	1	1	0	0	1	1	0	1	1	1	1	0	0	1	1	1	1	0	1	0	0	1	0	0	1	1	1	1.965879	1.66483815789474	0.781913789126814	0.882924368767923
"Cottbus_random_2_12"	1	0	1	1	0	1	1	0	1	0	0	0	1	0	0	1	1	0	1	1	0	1	0	1	1	1	1	1	1	1	1.635743	1.23121426315789	0.492601445621173	0.738612817536722
"Cottbus_random_3_12"	0	1	0	1	1	1	0	0	0	0	1	1	1	1	0	1	0	1	0	0	1	1	1	1	1	1	0	1	1	1	2.102552	1.70324110526316	-0.407484316592699	2.11072542185586
"Cottbus_random_4_12"	1	1	0	0	1	0	1	1	1	1	1	1	0	1	1	0	1	0	0	1	1	0	1	1	0	0	0	1	1	1	1.813662	1.47193989473684	0.377225708303981	1.09471418643286
"Cottbus_random_5_12"	0	1	0	1	1	1	1	1	0	0	0	1	1	1	1	1	0	1	1	0	1	0	1	1	0	0	1	1	0	1	1.991808	1.52919221052632	0.696549639663694	0.832642570862622
"Cottbus_random_6_12"	0	1	1	1	1	0	1	1	1	1	1	0	1	1	0	0	1	0	1	0	0	1	1	1	0	0	1	1	0	1	1.903259	1.46568221052632	0.695043191674469	0.770639018851846
"Cottbus_random_7_12"	1	1	0	1	0	0	1	1	1	1	0	0	0	1	1	0	1	1	0	0	1	0	1	1	1	1	1	0	1	1	1.899708	1.50540484210526	0.596138475607507	0.909266366497756
"Cottbus_random_8_12"	1	1	0	1	1	1	0	1	1	1	1	1	0	0	1	0	1	1	0	1	1	0	0	0	0	1	1	0	1	1	1.890958	1.39935236842105	0.272120013200023	1.12723235522103
"Cottbus_random_9_12"	1	1	0	0	0	1	1	1	0	0	1	0	1	1	1	1	1	0	0	0	1	1	1	1	1	1	1	0	1	0	1.962521	1.46529652631579	0.365590615048042	1.09970591126775
"Cottbus_random_10_12"	1	1	0	1	1	1	0	0	0	0	1	0	1	1	1	1	1	1	0	1	1	0	1	1	1	1	0	0	0	1	1.575132	1.19097547368421	-0.297773366160316	1.48874883984453
"Cottbus_random_11_12"	1	1	0	0	0	0	1	0	0	1	0	1	1	0	1	1	1	1	0	1	0	1	1	1	1	1	1	1	1	0	1.691571	1.19831757894737	0.405205801542442	0.793111777404926
"Cottbus_random_12_12"	1	0	1	0	1	1	1	0	0	1	1	1	1	1	1	1	0	1	1	0	0	0	1	0	1	0	1	1	1	0	1.624535	1.25374615789474	0.453861029306462	0.799885128588275
"Cottbus_random_13_12"	1	1	1	0	1	1	0	0	0	1	0	1	1	1	0	1	0	1	1	1	0	0	1	1	0	0	1	1	1	1	1.662242	1.17645247368421	0.471233159402577	0.705219314281633
"Cottbus_random_14_12"	0	1	1	1	1	1	1	1	1	1	1	1	1	1	0	0	0	1	0	1	1	1	1	0	0	0	1	0	0	0	1.93163	1.41085505263158	0.484738016859406	0.926117035772172
"Cottbus_random_15_12"	1	1	1	1	1	1	1	1	0	0	0	1	1	0	1	1	1	1	1	0	0	1	1	0	0	1	0	0	0	1	2.104829	1.63388489473684	0.525503011360683	1.10838188337616
"Cottbus_random_16_12"	0	1	0	1	1	0	1	1	0	1	0	1	1	0	1	0	0	0	1	1	1	1	1	0	1	0	1	1	1	1	1.921136	1.45705215789474	0.508022224876954	0.949029933017782
"Cottbus_random_17_12"	1	0	1	1	1	1	0	0	1	1	1	1	0	0	0	0	1	0	0	0	1	1	1	1	0	1	1	1	1	1	1.602224	1.24717078947368	0.485310308002107	0.761860481471577
"Cottbus_random_18_12"	0	0	1	1	1	0	1	1	0	1	1	0	1	1	1	1	1	0	0	0	0	1	1	1	1	1	1	0	1	0	1.903846	1.43587363157895	0.403782814284354	1.03209081729459
"Cottbus_random_19_12"	1	1	1	1	0	0	0	1	1	0	1	1	1	1	1	1	1	1	0	0	1	1	1	1	1	0	0	0	0	0	2.057121	1.67869426315789	0.347798719162594	1.3308955439953
"Cottbus_random_20_12"	1	1	1	1	1	0	1	1	0	1	1	1	0	1	1	0	0	1	1	0	0	0	1	0	1	0	1	1	1	0	1.877722	1.50445221052632	0.673390992755872	0.831061217770444
"Cottbus_random_21_12"	1	0	1	1	0	1	0	0	0	1	0	1	1	1	1	0	1	1	1	1	0	0	1	1	0	0	1	1	1	1	1.583858	1.261549	0.638655362363978	0.622893637636022
"Cottbus_random_22_12"	1	1	1	1	1	1	0	1	1	1	0	1	0	1	1	1	1	1	1	0	1	0	1	0	0	0	1	0	0	0	1.962105	1.449753	0.480668274407573	0.969084725592427
"Cottbus_random_23_12"	1	1	0	1	1	1	1	0	1	1	0	1	0	1	0	0	1	0	1	1	1	0	1	1	0	1	1	0	0	1	1.571872	1.17375610526316	0.544045187541651	0.629710917721506
"Cottbus_random_24_12"	0	1	0	1	1	1	1	0	1	0	0	1	1	0	1	0	0	1	0	1	1	1	1	1	0	1	1	1	1	0	1.552995	1.15482978947368	0.368347525417876	0.786482264055809
"Cottbus_random_25_12"	0	0	0	1	0	0	1	1	1	0	1	1	1	1	1	1	1	0	1	1	0	1	1	0	1	0	0	1	1	1	2.037227	1.70071726315789	0.609037507628471	1.09167975552942
"Cottbus_random_26_12"	1	1	1	0	1	1	1	1	1	1	0	0	1	0	1	1	1	1	0	0	0	0	0	1	1	0	1	1	1	0	1.955375	1.41353789473684	0.38890643071737	1.02463146401947
"Cottbus_random_27_12"	0	0	1	0	0	0	1	1	0	0	1	1	0	1	0	1	1	1	0	1	0	1	1	1	1	1	1	1	1	1	2.027626	1.572472	0.725966804441603	0.846505195558397
"Cottbus_random_28_12"	0	1	1	0	1	1	0	0	0	1	0	1	0	0	1	0	1	1	1	1	1	1	1	1	1	1	1	1	0	0	1.645684	1.15428647368421	0.313996563785285	0.840289909898926
"Cottbus_random_29_12"	1	0	0	1	1	1	1	0	0	1	0	1	0	1	1	0	1	1	0	0	0	1	1	1	1	1	0	1	1	1	1.822259	1.49159936842105	-0.080033268433546	1.5716326368546
"Cottbus_random_30_12"	1	1	1	1	0	0	1	0	0	0	1	0	0	1	0	1	1	1	1	1	1	0	1	1	1	0	1	1	1	0	1.607357	1.26295215789474	0.52867901611689	0.734273141777847
