"assemblage"	"AVir"	"PMon"	"TBac"	"AAlb"	"PCem"	"LDec"	"BPen"	"QRob"	"PAbi"	"PSyl"	"PNig"	"AInc"	"UGla"	"TPla"	"AGlu"	"QPub"	"SAri"	"PTre"	"APla"	"TCor"	"SAlb"	"QPet"	"CAve"	"SAuc"	"FSyl"	"ACam"	"CSat"	"APse"	"FExc"	"CBet"	"productivity"	"DeltaY"	"Selection"	"Complementarity"
"Davos_increasing_12"	1	1	0	1	1	1	1	0	1	1	1	1	0	0	1	0	1	1	0	0	0	0	0	0	0	0	0	0	0	0	1.533007	1.20311423076923	-0.281726121300543	1.48484035206977
"Davos_increasing_13"	1	1	0	1	1	1	1	0	1	1	1	1	0	0	1	0	1	1	0	0	0	0	0	0	0	0	0	0	0	0	1.540659	1.09578569230769	-0.153335730984119	1.24912142329181
"Davos_increasing_14"	1	1	0	1	1	1	1	0	1	1	1	1	0	0	1	0	1	0	0	0	0	0	0	0	0	0	0	0	0	0	1.523063	1.12455641666667	0.289994613409175	0.834561803257491
"Davos_increasing_15"	1	1	0	1	1	1	1	0	1	1	1	1	0	0	1	0	0	0	0	0	0	0	0	0	0	0	0	0	0	0	1.543749	1.11843709090909	0.0592461374985549	1.05919095341054
"Davos_increasing_16"	1	1	0	1	1	1	1	0	1	1	1	1	0	0	1	0	0	0	0	0	0	0	0	0	0	0	0	0	0	0	1.507842	0.929132181818182	0.156896299232319	0.772235882585862
"Davos_increasing_17"	1	1	0	1	1	1	1	0	1	1	1	1	0	0	0	0	0	0	0	0	0	0	0	0	0	0	0	0	0	0	1.544213	0.9222257	0.321049561596195	0.601176138403805
"Davos_increasing_18"	1	1	0	1	1	1	1	0	1	1	1	1	0	0	0	0	0	0	0	0	0	0	0	0	0	0	0	0	0	0	1.512723	0.7268674	0.290238575098381	0.436628824901619
"Davos_decreasing_12"	0	0	0	0	0	0	0	0	0	0	0	1	0	0	1	0	1	1	0	0	0	1	1	1	1	0	0	1	0	1	2.087811	3.661382	-1.24223433458384	4.90361633458383
"Davos_decreasing_13"	0	0	0	0	0	0	0	0	0	0	0	0	0	0	1	0	1	1	0	0	0	1	1	1	1	0	0	1	0	1	1.249203	2.35294977777778	-0.441438641281673	2.79438841905945
"Davos_decreasing_14"	0	0	0	0	0	0	0	0	0	0	0	0	0	0	1	0	1	1	0	0	0	1	1	1	1	0	0	1	0	1	1.241513	2.19962388888889	-0.415256738023435	2.61488062691232
"Davos_decreasing_15"	0	0	0	0	0	0	0	0	0	0	0	0	0	0	1	0	1	1	0	0	0	1	1	1	1	0	0	1	0	1	1.25949	2.09363711111111	-0.291879888920165	2.38551700003128
"Davos_decreasing_16"	0	0	0	0	0	0	0	0	0	0	0	0	0	0	0	0	1	1	0	0	0	1	1	1	1	0	0	1	0	1	1.243488	2.167958125	-0.452640203531384	2.62059832853138
"Davos_decreasing_17"	0	0	0	0	0	0	0	0	0	0	0	0	0	0	0	0	1	1	0	0	0	1	1	1	1	0	0	1	0	1	1.25389	2.030725625	-0.384883872977428	2.41560949797743
"Davos_decreasing_18"	0	0	0	0	0	0	0	0	0	0	0	0	0	0	0	0	0	1	0	0	0	1	1	1	1	0	0	1	0	1	1.239784	2.11553642857143	-0.282039217481979	2.39757564605341
"Davos_random_1_12"	1	0	0	1	1	0	0	0	1	0	1	1	0	0	0	0	1	1	0	0	0	1	0	0	1	0	0	1	0	1	1.519539	1.81365666666667	-0.210472928661919	2.02412959532859
"Davos_random_1_13"	1	0	0	1	0	0	0	0	1	0	1	1	0	0	0	0	1	1	0	0	0	1	0	0	1	0	0	1	0	1	1.53909	2.01847790909091	-0.139900251923645	2.15837816101455
"Davos_random_1_14"	0	0	0	1	0	0	0	0	1	0	1	1	0	0	0	0	1	1	0	0	0	1	0	0	1	0	0	1	0	1	1.526962	2.0652491	-0.251331389391906	2.31658048939191
"Davos_random_1_15"	0	0	0	1	0	0	0	0	1	0	1	1	0	0	0	0	1	1	0	0	0	1	0	0	1	0	0	1	0	1	1.55116	1.9512697	0.431580328965459	1.51968937103454
"Davos_random_1_16"	0	0	0	1	0	0	0	0	1	0	1	1	0	0	0	0	1	1	0	0	0	1	0	0	0	0	0	1	0	1	1.543273	1.982619	-0.0710561672902335	2.05367516729023
"Davos_random_1_17"	0	0	0	1	0	0	0	0	1	0	1	1	0	0	0	0	1	1	0	0	0	1	0	0	0	0	0	1	0	1	1.528004	1.78739244444444	-0.466919687293497	2.25431213173794
"Davos_random_1_18"	0	0	0	1	0	0	0	0	1	0	1	1	0	0	0	0	1	1	0	0	0	1	0	0	0	0	0	1	0	1	1.540141	1.63514544444444	0.186620924733891	1.44852451971055
"Davos_random_2_12"	1	0	0	1	0	1	1	0	1	0	0	0	0	0	0	0	1	0	0	0	0	1	0	1	1	0	0	1	0	1	1.485226	2.02572927272727	-0.00688805948044668	2.03261733220772
"Davos_random_2_13"	1	0	0	1	0	1	1	0	1	0	0	0	0	0	0	0	1	0	0	0	0	1	0	0	1	0	0	1	0	1	1.507836	2.1422325	0.0674975224681784	2.07473497753182
"Davos_random_2_14"	1	0	0	1	0	1	0	0	1	0	0	0	0	0	0	0	1	0	0	0	0	1	0	0	1	0	0	1	0	1	1.48475	2.36851866666667	0.619262526328374	1.74925614033829
"Davos_random_2_15"	1	0	0	1	0	1	0	0	1	0	0	0	0	0	0	0	0	0	0	0	0	1	0	0	1	0	0	1	0	1	1.513915	2.537347	0.42963683255424	2.10771016744576
"Davos_random_2_16"	1	0	0	1	0	1	0	0	1	0	0	0	0	0	0	0	0	0	0	0	0	1	0	0	1	0	0	1	0	1	1.510982	2.34260825	0.0186817328750029	2.323926517125
"Davos_random_2_17"	0	0	0	1	0	1	0	0	1	0	0	0	0	0	0	0	0	0	0	0	0	1	0	0	1	0	0	1	0	1	1.491855	2.45094371428571	0.168969603087211	2.2819741111985
"Davos_random_2_18"	0	0	0	1	0	1	0	0	1	0	0	0	0	0	0	0	0	0	0	0	0	1	0	0	0	0	0	1	0	1	1.530622	2.6948435	-0.399765692348955	3.09460919234896
"Davos_random_3_12"	0	1	0	1	1	1	0	0	0	0	1	1	0	0	0	0	0	1	0	0	0	1	1	1	1	0	0	1	0	1	1.821837	1.95740123076923	-1.60409979596527	3.5615010267345
"Davos_random_3_13"	0	1	0	1	1	1	0	0	0	0	1	1	0	0	0	0	0	1	0	0	0	1	1	1	1	0	0	0	0	1	1.816925	1.96134725	-0.233377514491716	2.19472476449172
"Davos_random_3_14"	0	1	0	1	1	1	0	0	0	0	1	1	0	0	0	0	0	1	0	0	0	1	1	1	1	0	0	0	0	1	1.81983	1.81405225	-0.663459574543083	2.47751182454308
"Davos_random_3_15"	0	1	0	1	1	1	0	0	0	0	1	1	0	0	0	0	0	1	0	0	0	1	1	1	0	0	0	0	0	1	1.767363	1.73724218181818	-0.195966098902419	1.9332082807206
"Davos_random_3_16"	0	1	0	1	1	1	0	0	0	0	1	1	0	0	0	0	0	0	0	0	0	1	1	1	0	0	0	0	0	1	1.801698	1.894658	-0.264983836461506	2.15964183646151
"Davos_random_3_17"	0	1	0	1	1	1	0	0	0	0	1	1	0	0	0	0	0	0	0	0	0	0	1	1	0	0	0	0	0	1	1.870384	2.01187811111111	-0.301600742441146	2.31347885355226
"Davos_random_3_18"	0	1	0	1	1	0	0	0	0	0	1	1	0	0	0	0	0	0	0	0	0	0	1	1	0	0	0	0	0	1	1.709788	2.0367575	-0.123608363978881	2.16036586397888
"Davos_random_4_12"	1	1	0	0	1	0	1	0	1	1	1	1	0	0	1	0	1	0	0	0	0	0	1	1	0	0	0	1	0	1	1.487891	1.27840242857143	-1.40885999132609	2.68726241989752
"Davos_random_4_13"	1	1	0	0	1	0	1	0	1	0	1	1	0	0	1	0	1	0	0	0	0	0	1	1	0	0	0	1	0	1	1.533825	1.40763446153846	-0.218029808108855	1.62566426964732
"Davos_random_4_14"	1	1	0	0	1	0	1	0	1	0	1	1	0	0	1	0	0	0	0	0	0	0	1	1	0	0	0	1	0	1	1.52203	1.38042716666667	-1.07398588602405	2.45441305269071
"Davos_random_4_15"	1	1	0	0	1	0	1	0	1	0	1	1	0	0	1	0	0	0	0	0	0	0	0	1	0	0	0	1	0	1	1.524708	1.37148918181818	-1.38565783810932	2.7571470199275
"Davos_random_4_16"	1	1	0	0	1	0	1	0	1	0	1	1	0	0	1	0	0	0	0	0	0	0	0	1	0	0	0	1	0	1	1.507199	1.20900345454545	-1.6988581478259	2.90786160237136
"Davos_random_4_17"	1	1	0	0	1	0	1	0	1	0	0	1	0	0	1	0	0	0	0	0	0	0	0	1	0	0	0	1	0	1	1.523555	1.2907656	-0.742105388353358	2.03287098835336
"Davos_random_4_18"	1	1	0	0	1	0	0	0	1	0	0	1	0	0	1	0	0	0	0	0	0	0	0	1	0	0	0	1	0	1	1.504975	1.43746688888889	-0.363804230425385	1.80127111931427
"Davos_random_5_12"	0	1	0	1	1	1	1	0	0	0	0	1	0	0	1	0	0	1	0	0	0	0	1	1	0	0	0	1	0	1	1.846407	2.08379525	-2.12732340176441	4.21111865176441
"Davos_random_5_13"	0	1	0	1	1	1	1	0	0	0	0	1	0	0	1	0	0	1	0	0	0	0	1	1	0	0	0	0	0	1	1.747911	1.94421927272727	-1.28143138029428	3.22565065302155
"Davos_random_5_14"	0	1	0	1	1	1	1	0	0	0	0	1	0	0	1	0	0	1	0	0	0	0	1	1	0	0	0	0	0	1	1.805386	1.87414327272727	-1.92244891176624	3.79659218449351
"Davos_random_5_15"	0	1	0	1	1	1	1	0	0	0	0	1	0	0	1	0	0	1	0	0	0	0	1	1	0	0	0	0	0	1	1.761622	1.64636054545455	-1.60922736704598	3.25558791250052
"Davos_random_5_16"	0	0	0	1	1	1	1	0	0	0	0	1	0	0	1	0	0	1	0	0	0	0	1	1	0	0	0	0	0	1	1.865881	1.9289639	-1.1000155643204	3.0289794643204
"Davos_random_5_17"	0	0	0	1	0	1	1	0	0	0	0	1	0	0	1	0	0	1	0	0	0	0	1	1	0	0	0	0	0	1	2.055594	2.40963755555556	-2.8466862899279	5.25632384548346
"Davos_random_5_18"	0	0	0	1	0	1	1	0	0	0	0	1	0	0	1	0	0	1	0	0	0	0	1	1	0	0	0	0	0	1	2.078637	2.21452255555556	-1.7064481200243	3.92097067557986
"Davos_random_6_12"	0	1	0	1	1	0	1	0	1	1	1	0	0	0	0	0	1	0	0	0	0	1	1	1	0	0	0	1	0	1	1.524281	1.57160184615385	-0.203280634328924	1.77488248048277
"Davos_random_6_13"	0	1	0	1	1	0	1	0	1	1	1	0	0	0	0	0	1	0	0	0	0	1	1	1	0	0	0	1	0	1	1.495312	1.41423853846154	-0.579979470281363	1.9942180087429
"Davos_random_6_14"	0	1	0	1	1	0	1	0	1	1	1	0	0	0	0	0	0	0	0	0	0	1	1	1	0	0	0	1	0	1	1.534536	1.46306791666667	-0.511762268264266	1.97483018493093
"Davos_random_6_15"	0	1	0	1	1	0	1	0	1	0	1	0	0	0	0	0	0	0	0	0	0	1	1	1	0	0	0	1	0	1	1.507571	1.51395745454545	-0.623854711486989	2.13781216603244
"Davos_random_6_16"	0	1	0	1	1	0	1	0	1	0	0	0	0	0	0	0	0	0	0	0	0	1	1	1	0	0	0	1	0	1	1.539325	1.6509104	-0.716735013650526	2.36764541365053
"Davos_random_6_17"	0	1	0	1	0	0	1	0	1	0	0	0	0	0	0	0	0	0	0	0	0	1	1	1	0	0	0	1	0	1	1.487064	1.76056922222222	0.0481804357909165	1.71238878643131
"Davos_random_6_18"	0	1	0	1	0	0	1	0	1	0	0	0	0	0	0	0	0	0	0	0	0	1	1	1	0	0	0	1	0	1	1.542544	1.67547766666667	0.204537738718674	1.47093992794799
"Davos_random_7_12"	1	1	0	1	0	0	1	0	1	1	0	0	0	0	1	0	1	1	0	0	0	0	1	1	1	0	0	0	0	1	1.533775	1.67854753846154	0.283546177833384	1.39500136062815
"Davos_random_7_13"	1	0	0	1	0	0	1	0	1	1	0	0	0	0	1	0	1	1	0	0	0	0	1	1	1	0	0	0	0	1	1.544645	1.82170108333333	0.58540776689185	1.23629331644148
"Davos_random_7_14"	1	0	0	1	0	0	0	0	1	1	0	0	0	0	1	0	1	1	0	0	0	0	1	1	1	0	0	0	0	1	1.51733	1.96782309090909	0.877606126284024	1.09021696462507
"Davos_random_7_15"	1	0	0	1	0	0	0	0	1	1	0	0	0	0	1	0	1	1	0	0	0	0	1	0	1	0	0	0	0	1	1.502879	2.0115057	1.11104454136069	0.90046115863931
"Davos_random_7_16"	1	0	0	1	0	0	0	0	1	1	0	0	0	0	1	0	1	1	0	0	0	0	1	0	1	0	0	0	0	1	1.478268	1.8243013	0.884391585739645	0.939909714260355
"Davos_random_7_17"	1	0	0	1	0	0	0	0	1	1	0	0	0	0	1	0	1	1	0	0	0	0	0	0	1	0	0	0	0	1	1.471625	1.85246444444444	0.915280242853925	0.937184201590519
"Davos_random_7_18"	1	0	0	1	0	0	0	0	1	1	0	0	0	0	1	0	1	1	0	0	0	0	0	0	1	0	0	0	0	1	1.491487	1.71764011111111	0.917895785121967	0.799744325989144
"Davos_random_8_12"	1	1	0	1	1	1	0	0	1	1	1	1	0	0	1	0	1	1	0	0	0	0	0	0	0	0	0	0	0	1	1.523795	1.32768161538462	-0.418403891359249	1.74608550674386
"Davos_random_8_13"	1	1	0	1	1	0	0	0	1	1	1	1	0	0	1	0	1	1	0	0	0	0	0	0	0	0	0	0	0	1	1.513539	1.47472891666667	-0.258774677324371	1.73350359399104
"Davos_random_8_14"	1	1	0	1	1	0	0	0	1	1	1	1	0	0	1	0	1	1	0	0	0	0	0	0	0	0	0	0	0	1	1.554169	1.40615983333333	-0.063706767066321	1.46986660039965
"Davos_random_8_15"	1	1	0	1	1	0	0	0	1	1	0	1	0	0	1	0	1	1	0	0	0	0	0	0	0	0	0	0	0	1	1.503853	1.40013872727273	-0.0708528069379031	1.47099153421063
"Davos_random_8_16"	1	1	0	1	1	0	0	0	0	1	0	1	0	0	1	0	1	1	0	0	0	0	0	0	0	0	0	0	0	1	1.670556	1.7882859	-0.684241272832521	2.47252717283252
"Davos_random_8_17"	1	1	0	1	1	0	0	0	0	1	0	1	0	0	1	0	1	0	0	0	0	0	0	0	0	0	0	0	0	1	1.64453	1.88191033333333	-0.29501563303308	2.17692596636641
"Davos_random_8_18"	1	1	0	0	1	0	0	0	0	1	0	1	0	0	1	0	1	0	0	0	0	0	0	0	0	0	0	0	0	1	1.728537	2.060373875	-0.513749196725389	2.57412307172539
"Davos_random_9_12"	1	1	0	0	0	1	1	0	0	0	1	0	0	0	1	0	1	0	0	0	0	1	1	1	1	0	0	0	0	0	1.969116	2.79955636363636	-1.89607777416182	4.69563413779818
"Davos_random_9_13"	1	1	0	0	0	1	1	0	0	0	1	0	0	0	1	0	1	0	0	0	0	1	1	1	1	0	0	0	0	0	1.952422	2.59322836363636	-2.05523901801257	4.64846738164893
"Davos_random_9_14"	1	1	0	0	0	1	1	0	0	0	1	0	0	0	1	0	1	0	0	0	0	1	1	1	1	0	0	0	0	0	1.992312	2.47738363636364	-2.57805614882906	5.0554397851927
"Davos_random_9_15"	1	1	0	0	0	1	1	0	0	0	1	0	0	0	1	0	1	0	0	0	0	1	1	0	1	0	0	0	0	0	1.968229	2.5091129	-2.15797107421039	4.66708397421039
"Davos_random_9_16"	1	1	0	0	0	1	1	0	0	0	1	0	0	0	1	0	1	0	0	0	0	1	1	0	1	0	0	0	0	0	1.967453	2.311126	-2.25217177215725	4.56329777215725
"Davos_random_9_17"	1	1	0	0	0	1	1	0	0	0	1	0	0	0	1	0	1	0	0	0	0	1	1	0	0	0	0	0	0	0	1.957232	2.33345022222222	-1.70893406407196	4.04238428629418
"Davos_random_9_18"	1	1	0	0	0	1	1	0	0	0	1	0	0	0	1	0	1	0	0	0	0	1	0	0	0	0	0	0	0	0	1.962337	2.38882775	-2.28337748606187	4.67220523606187
"Davos_random_10_12"	1	1	0	1	1	1	0	0	0	0	1	0	0	0	1	0	1	1	0	0	0	0	1	1	1	0	0	0	0	1	1.877995	2.158781	-0.700798948255113	2.85957994825511
"Davos_random_10_13"	1	1	0	1	1	1	0	0	0	0	1	0	0	0	0	0	1	1	0	0	0	0	1	1	1	0	0	0	0	1	1.854363	2.14676941666667	-0.064104158478835	2.2108735751455
"Davos_random_10_14"	1	1	0	1	1	1	0	0	0	0	1	0	0	0	0	0	0	1	0	0	0	0	1	1	1	0	0	0	0	1	1.784052	2.06470918181818	-0.517302453347668	2.58201163516585
"Davos_random_10_15"	1	1	0	1	1	1	0	0	0	0	1	0	0	0	0	0	0	1	0	0	0	0	1	0	1	0	0	0	0	1	1.841721	2.2068002	-0.691895764789156	2.89869596478916
"Davos_random_10_16"	1	1	0	1	1	1	0	0	0	0	1	0	0	0	0	0	0	1	0	0	0	0	1	0	1	0	0	0	0	1	1.790641	1.9460081	-0.17893313156012	2.12494123156012
"Davos_random_10_17"	1	1	0	1	1	1	0	0	0	0	1	0	0	0	0	0	0	1	0	0	0	0	1	0	1	0	0	0	0	1	1.809227	1.7929644	0.101061730982798	1.6919026690172
"Davos_random_10_18"	1	1	0	0	1	1	0	0	0	0	1	0	0	0	0	0	0	1	0	0	0	0	1	0	1	0	0	0	0	1	1.811971	1.80603622222222	-0.420513706287471	2.22654992850969
"Davos_random_11_12"	1	1	0	0	0	0	1	0	0	1	0	1	0	0	1	0	1	1	0	0	0	1	1	1	1	0	0	1	0	0	1.929106	2.24380138461538	-3.80383941395672	6.04764079857211
"Davos_random_11_13"	1	1	0	0	0	0	1	0	0	1	0	1	0	0	1	0	1	1	0	0	0	1	1	1	1	0	0	1	0	0	1.919431	2.08201246153846	-2.81646038933546	4.89847285087393
"Davos_random_11_14"	1	1	0	0	0	0	1	0	0	1	0	1	0	0	1	0	1	1	0	0	0	1	0	1	1	0	0	1	0	0	1.92493	2.10338758333333	-2.69245161078594	4.79583919411927
"Davos_random_11_15"	1	1	0	0	0	0	1	0	0	1	0	1	0	0	1	0	1	1	0	0	0	1	0	1	1	0	0	1	0	0	1.941721	1.96536475	-2.56844929764153	4.53381404764153
"Davos_random_11_16"	1	1	0	0	0	0	1	0	0	1	0	0	0	0	1	0	1	1	0	0	0	1	0	1	1	0	0	1	0	0	1.574533	1.62548354545455	-2.60891425896307	4.23439780441761
"Davos_random_11_17"	1	1	0	0	0	0	1	0	0	1	0	0	0	0	1	0	1	1	0	0	0	1	0	1	1	0	0	1	0	0	1.588953	1.50069690909091	-2.26958398507594	3.77028089416685
"Davos_random_11_18"	1	1	0	0	0	0	1	0	0	1	0	0	0	0	1	0	1	1	0	0	0	1	0	1	1	0	0	1	0	0	1.582604	1.34874327272727	-2.27733564982849	3.62607892255576
"Davos_random_12_12"	1	0	0	0	1	1	1	0	0	1	1	1	0	0	1	0	0	1	0	0	0	0	1	0	1	0	0	1	0	0	1.787536	1.95300516666667	-2.28662847329507	4.23963363996173
"Davos_random_12_13"	1	0	0	0	1	1	1	0	0	1	1	1	0	0	1	0	0	1	0	0	0	0	1	0	1	0	0	1	0	0	1.827706	1.86429883333333	-2.48704703233731	4.35134586567065
"Davos_random_12_14"	1	0	0	0	1	1	1	0	0	1	1	1	0	0	1	0	0	1	0	0	0	0	1	0	1	0	0	1	0	0	1.810545	1.68767858333333	-1.98114955869993	3.66882814203326
"Davos_random_12_15"	1	0	0	0	1	1	1	0	0	1	1	1	0	0	1	0	0	1	0	0	0	0	1	0	0	0	0	1	0	0	1.831949	1.70767281818182	-1.3947700307262	3.10244284890802
"Davos_random_12_16"	1	0	0	0	1	1	1	0	0	1	1	1	0	0	1	0	0	1	0	0	0	0	1	0	0	0	0	1	0	0	1.749089	1.42814109090909	-1.51880497431208	2.94694606522117
"Davos_random_12_17"	1	0	0	0	1	1	1	0	0	1	1	1	0	0	1	0	0	1	0	0	0	0	0	0	0	0	0	1	0	0	1.876453	1.5743996	-2.09272828143633	3.66712788143633
"Davos_random_12_18"	1	0	0	0	1	1	1	0	0	1	1	1	0	0	1	0	0	1	0	0	0	0	0	0	0	0	0	1	0	0	1.792834	1.2780496	-2.19270562979794	3.47075522979794
"Davos_random_13_12"	1	1	0	0	1	1	0	0	0	1	0	1	0	0	0	0	0	1	0	0	0	0	1	1	0	0	0	1	0	1	1.777504	2.21204745454545	-0.978680959509971	3.19072841405543
"Davos_random_13_13"	1	1	0	0	1	1	0	0	0	1	0	1	0	0	0	0	0	1	0	0	0	0	0	1	0	0	0	1	0	1	1.803012	2.3014599	-0.908134150217698	3.2095940502177
"Davos_random_13_14"	1	1	0	0	1	1	0	0	0	1	0	1	0	0	0	0	0	1	0	0	0	0	0	1	0	0	0	1	0	1	1.800927	2.1176142	-1.55842570848811	3.67603990848811
"Davos_random_13_15"	1	1	0	0	1	1	0	0	0	1	0	1	0	0	0	0	0	1	0	0	0	0	0	1	0	0	0	0	0	1	1.883782	2.30012211111111	-0.49925407715097	2.79937618826208
"Davos_random_13_16"	1	1	0	0	1	1	0	0	0	1	0	1	0	0	0	0	0	1	0	0	0	0	0	1	0	0	0	0	0	1	1.76572	1.894043	-0.442007592611134	2.33605059261113
"Davos_random_13_17"	1	1	0	0	1	1	0	0	0	0	0	1	0	0	0	0	0	1	0	0	0	0	0	1	0	0	0	0	0	1	1.835101	2.16433675	-0.590190194914753	2.75452694491475
"Davos_random_13_18"	1	1	0	0	1	1	0	0	0	0	0	1	0	0	0	0	0	1	0	0	0	0	0	1	0	0	0	0	0	0	1.79451	2.136021	0.894788308724449	1.24123269127555
"Davos_random_14_12"	0	1	0	1	1	1	1	0	1	1	1	1	0	0	0	0	0	1	0	0	0	1	1	0	0	0	0	0	0	0	1.527777	1.31128583333333	0.569038061805605	0.742247771527729
"Davos_random_14_13"	0	1	0	1	0	1	1	0	1	1	1	1	0	0	0	0	0	1	0	0	0	1	1	0	0	0	0	0	0	0	1.524721	1.43269481818182	0.603900655605858	0.82879416257596
"Davos_random_14_14"	0	1	0	1	0	1	1	0	1	1	1	1	0	0	0	0	0	0	0	0	0	1	1	0	0	0	0	0	0	0	1.501052	1.4921803	0.688577209751253	0.803603090248747
"Davos_random_14_15"	0	1	0	1	0	1	1	0	1	1	1	1	0	0	0	0	0	0	0	0	0	1	1	0	0	0	0	0	0	0	1.523638	1.3782127	0.657834371102314	0.720378328897686
"Davos_random_14_16"	0	1	0	1	0	1	0	0	1	1	1	1	0	0	0	0	0	0	0	0	0	1	1	0	0	0	0	0	0	0	1.513401	1.54439722222222	0.818863566670825	0.725533655551397
"Davos_random_14_17"	0	1	0	1	0	1	0	0	1	1	1	0	0	0	0	0	0	0	0	0	0	1	1	0	0	0	0	0	0	0	1.543137	1.818495125	1.05511870120939	0.763376423790611
"Davos_random_14_18"	0	0	0	1	0	1	0	0	1	1	1	0	0	0	0	0	0	0	0	0	0	1	1	0	0	0	0	0	0	0	1.518737	2.00929057142857	1.2004363337673	0.808854237661268
"Davos_random_15_12"	1	1	0	1	1	1	1	0	0	0	0	1	0	0	1	0	1	1	0	0	0	1	1	0	0	0	0	0	0	1	1.766633	1.80865038461538	-1.03520569347778	2.84385607809317
"Davos_random_15_13"	0	1	0	1	1	1	1	0	0	0	0	1	0	0	1	0	1	1	0	0	0	1	1	0	0	0	0	0	0	1	1.881032	1.99995866666667	-1.41491013441533	3.41486880108199
"Davos_random_15_14"	0	1	0	1	1	1	1	0	0	0	0	1	0	0	1	0	0	1	0	0	0	1	1	0	0	0	0	0	0	1	1.828558	1.92969381818182	-1.53558645310046	3.46528027128228
"Davos_random_15_15"	0	1	0	1	1	1	1	0	0	0	0	1	0	0	1	0	0	1	0	0	0	1	1	0	0	0	0	0	0	1	1.803984	1.72771727272727	-1.13099555706432	2.85871282979159
"Davos_random_15_16"	0	1	0	1	1	1	0	0	0	0	0	1	0	0	1	0	0	1	0	0	0	1	1	0	0	0	0	0	0	1	1.832364	1.9421247	-0.911906696225695	2.85403139622569
"Davos_random_15_17"	0	1	0	1	1	1	0	0	0	0	0	1	0	0	1	0	0	1	0	0	0	1	0	0	0	0	0	0	0	1	1.801631	1.906562	-1.0115509630451	2.9181129630451
"Davos_random_15_18"	0	1	0	1	1	1	0	0	0	0	0	1	0	0	1	0	0	1	0	0	0	1	0	0	0	0	0	0	0	1	1.815289	1.726109	-1.3674547826953	3.0935637826953
"Davos_random_16_12"	0	1	0	1	1	0	1	0	0	1	0	1	0	0	1	0	0	0	0	0	0	1	1	0	1	0	0	1	0	1	1.647817	1.96841466666667	-2.1592712634086	4.12768593007527
"Davos_random_16_13"	0	1	0	1	1	0	1	0	0	1	0	0	0	0	1	0	0	0	0	0	0	1	1	0	1	0	0	1	0	1	1.731395	2.29300418181818	-0.819514767386964	3.11251894920515
"Davos_random_16_14"	0	1	0	1	1	0	1	0	0	1	0	0	0	0	1	0	0	0	0	0	0	1	1	0	1	0	0	1	0	1	1.643271	1.999413	-0.906320132021339	2.90573313202134
"Davos_random_16_15"	0	1	0	1	1	0	1	0	0	1	0	0	0	0	1	0	0	0	0	0	0	1	1	0	1	0	0	1	0	1	1.677032	1.89913163636364	-0.655431928746454	2.55456356511009
"Davos_random_16_16"	0	1	0	1	1	0	1	0	0	1	0	0	0	0	1	0	0	0	0	0	0	1	1	0	1	0	0	1	0	1	1.626153	1.67729372727273	-1.09727520623902	2.77456893351175
"Davos_random_16_17"	0	1	0	1	0	0	1	0	0	1	0	0	0	0	1	0	0	0	0	0	0	1	1	0	1	0	0	1	0	1	1.338797	1.4408092	-2.66037701684405	4.10118621684405
"Davos_random_16_18"	0	1	0	1	0	0	1	0	0	1	0	0	0	0	1	0	0	0	0	0	0	1	0	0	1	0	0	1	0	1	1.334689	1.44625866666667	-2.65802052152101	4.10427918818768
"Davos_random_17_12"	1	0	0	1	1	1	0	0	1	1	1	1	0	0	0	0	1	0	0	0	0	1	1	1	0	0	0	1	0	1	1.534944	1.40858571428571	0.0709207378367406	1.33766497644897
"Davos_random_17_13"	1	0	0	0	1	1	0	0	1	1	1	1	0	0	0	0	1	0	0	0	0	1	1	1	0	0	0	1	0	1	1.52518	1.39290315384615	-0.202860827202818	1.59576398104897
"Davos_random_17_14"	1	0	0	0	1	1	0	0	1	1	1	1	0	0	0	0	1	0	0	0	0	1	1	1	0	0	0	1	0	1	1.516514	1.26424915384615	-0.451372266058237	1.71562141990439
"Davos_random_17_15"	1	0	0	0	1	1	0	0	1	1	1	1	0	0	0	0	1	0	0	0	0	1	1	1	0	0	0	1	0	0	1.516335	1.24300816666667	0.292486427172784	0.950521739493882
"Davos_random_17_16"	1	0	0	0	1	1	0	0	1	1	1	1	0	0	0	0	1	0	0	0	0	0	1	1	0	0	0	1	0	0	1.497921	1.19308818181818	-0.586787812615388	1.77987599443357
"Davos_random_17_17"	1	0	0	0	1	1	0	0	1	1	1	1	0	0	0	0	1	0	0	0	0	0	0	1	0	0	0	1	0	0	1.55459	1.2419852	-0.830403937100074	2.07238913710007
"Davos_random_17_18"	1	0	0	0	1	1	0	0	1	1	0	1	0	0	0	0	1	0	0	0	0	0	0	1	0	0	0	1	0	0	1.535629	1.27840022222222	-0.490580464045878	1.7689806862681
"Davos_random_18_12"	0	0	0	1	1	0	1	0	0	1	1	0	0	0	1	0	1	0	0	0	0	1	1	1	1	0	0	0	0	0	1.716153	2.44891763636364	0.723851597256347	1.72506603910729
"Davos_random_18_13"	0	0	0	1	1	0	1	0	0	1	1	0	0	0	1	0	1	0	0	0	0	1	1	1	1	0	0	0	0	0	1.660815	2.20235063636364	0.472200104722129	1.73015053164151
"Davos_random_18_14"	0	0	0	1	1	0	1	0	0	1	1	0	0	0	1	0	0	0	0	0	0	1	1	1	1	0	0	0	0	0	1.658806	2.2531107	0.317083559833783	1.93602714016622
"Davos_random_18_15"	0	0	0	1	1	0	1	0	0	0	1	0	0	0	1	0	0	0	0	0	0	1	1	1	1	0	0	0	0	0	1.663523	2.44560733333333	0.612208050708758	1.83339928262458
"Davos_random_18_16"	0	0	0	1	1	0	1	0	0	0	1	0	0	0	1	0	0	0	0	0	0	1	1	1	1	0	0	0	0	0	1.732968	2.37651311111111	0.7522324612258	1.62428064988531
"Davos_random_18_17"	0	0	0	1	1	0	1	0	0	0	1	0	0	0	1	0	0	0	0	0	0	1	1	1	0	0	0	0	0	0	1.732531	2.456233875	0.902983033425603	1.5532508415744
"Davos_random_18_18"	0	0	0	1	1	0	1	0	0	0	1	0	0	0	1	0	0	0	0	0	0	1	1	1	0	0	0	0	0	0	1.677984	2.151028625	0.566666671131575	1.58436195386842
"Davos_random_19_12"	1	1	0	1	0	0	0	0	1	0	1	1	0	0	1	0	1	1	0	0	0	1	1	1	1	0	0	0	0	0	1.525452	1.68367838461538	1.00445826341058	0.679220121204809
"Davos_random_19_13"	1	1	0	1	0	0	0	0	1	0	0	1	0	0	1	0	1	1	0	0	0	1	1	1	1	0	0	0	0	0	1.520489	1.76332216666667	1.07341689205082	0.689905274615848
"Davos_random_19_14"	1	1	0	1	0	0	0	0	1	0	0	1	0	0	1	0	1	1	0	0	0	1	1	1	1	0	0	0	0	0	1.554212	1.684389	0.934807683760615	0.749581316239385
"Davos_random_19_15"	1	1	0	1	0	0	0	0	1	0	0	1	0	0	1	0	1	0	0	0	0	1	1	1	1	0	0	0	0	0	1.484471	1.69380490909091	0.959371513144634	0.734433395946275
"Davos_random_19_16"	1	1	0	1	0	0	0	0	1	0	0	1	0	0	1	0	1	0	0	0	0	1	1	1	1	0	0	0	0	0	1.507361	1.59006663636364	1.11208701003655	0.477979626327082
"Davos_random_19_17"	1	1	0	1	0	0	0	0	1	0	0	1	0	0	1	0	1	0	0	0	0	1	1	1	1	0	0	0	0	0	1.487068	1.42720636363636	1.03406724315983	0.393139120476532
"Davos_random_19_18"	1	1	0	1	0	0	0	0	1	0	0	1	0	0	1	0	1	0	0	0	0	1	1	1	1	0	0	0	0	0	1.508265	1.31706936363636	0.872602662178288	0.444466701458075
"Davos_random_20_12"	1	1	0	1	1	0	1	0	0	1	1	1	0	0	1	0	0	1	0	0	0	0	1	0	1	0	0	1	0	0	1.660511	1.668633	-1.25598097589915	2.92461397589915
"Davos_random_20_13"	1	1	0	1	1	0	1	0	0	1	0	1	0	0	1	0	0	1	0	0	0	0	1	0	1	0	0	1	0	0	1.648347	1.72496658333333	-1.76879032031152	3.49375690364486
"Davos_random_20_14"	1	1	0	0	1	0	1	0	0	1	0	1	0	0	1	0	0	1	0	0	0	0	1	0	1	0	0	1	0	0	1.698825	1.81887409090909	-1.31685569517708	3.13572978608617
"Davos_random_20_15"	0	1	0	0	1	0	1	0	0	1	0	1	0	0	1	0	0	1	0	0	0	0	1	0	1	0	0	1	0	0	1.655075	1.780329	-1.6460978332852	3.4264268332852
"Davos_random_20_16"	0	1	0	0	0	0	1	0	0	1	0	1	0	0	1	0	0	1	0	0	0	0	1	0	1	0	0	1	0	0	1.895677	2.37380477777778	-3.63466330541388	6.00846808319166
"Davos_random_20_17"	0	1	0	0	0	0	1	0	0	1	0	1	0	0	1	0	0	1	0	0	0	0	1	0	1	0	0	1	0	0	1.908536	2.18317688888889	-3.6216377526098	5.80481464149869
"Davos_random_20_18"	0	0	0	0	0	0	1	0	0	1	0	1	0	0	1	0	0	1	0	0	0	0	1	0	1	0	0	1	0	0	1.917835	2.404794125	-2.47914665097521	4.88394077597521
"Davos_random_21_12"	1	0	0	1	0	1	0	0	0	1	0	1	0	0	1	0	1	1	0	0	0	0	1	1	0	0	0	1	0	1	1.956961	2.55230891666667	-1.96839135732141	4.52070027398808
"Davos_random_21_13"	1	0	0	1	0	1	0	0	0	1	0	1	0	0	1	0	1	0	0	0	0	0	1	1	0	0	0	1	0	1	1.923186	2.65018636363636	-2.38977149275194	5.03995785638831
"Davos_random_21_14"	1	0	0	1	0	0	0	0	0	1	0	1	0	0	1	0	1	0	0	0	0	0	1	1	0	0	0	1	0	1	1.590558	2.3719477	-1.60721999530461	3.97916769530461
"Davos_random_21_15"	1	0	0	1	0	0	0	0	0	1	0	1	0	0	0	0	1	0	0	0	0	0	1	1	0	0	0	1	0	1	1.58266	2.444778	-1.57934158997456	4.02411958997456
"Davos_random_21_16"	1	0	0	1	0	0	0	0	0	1	0	1	0	0	0	0	1	0	0	0	0	0	1	1	0	0	0	1	0	1	1.591887	2.28430522222222	-1.45772463151425	3.74202985373647
"Davos_random_21_17"	1	0	0	0	0	0	0	0	0	1	0	1	0	0	0	0	1	0	0	0	0	0	1	1	0	0	0	1	0	1	1.636056	2.460432875	-2.03987300809984	4.50030588309984
"Davos_random_21_18"	1	0	0	0	0	0	0	0	0	1	0	1	0	0	0	0	1	0	0	0	0	0	1	1	0	0	0	1	0	1	1.652368	2.282432875	-1.13822844195875	3.42066131695875
"Davos_random_22_12"	1	1	0	1	1	1	0	0	1	1	0	1	0	0	1	0	1	1	0	0	0	0	1	0	0	0	0	0	0	0	1.516447	1.5005735	0.554619947061466	0.945953552938534
"Davos_random_22_13"	1	1	0	1	1	1	0	0	1	1	0	0	0	0	1	0	1	1	0	0	0	0	1	0	0	0	0	0	0	0	1.494058	1.62117418181818	0.716989496691202	0.90418468512698
"Davos_random_22_14"	1	1	0	1	1	1	0	0	1	1	0	0	0	0	1	0	1	1	0	0	0	0	1	0	0	0	0	0	0	0	1.497521	1.49070263636364	0.466096113588441	1.0246065227752
"Davos_random_22_15"	1	1	0	1	1	1	0	0	1	1	0	0	0	0	1	0	1	1	0	0	0	0	1	0	0	0	0	0	0	0	1.510071	1.37281890909091	0.510938810459591	0.861880098631318
"Davos_random_22_16"	1	1	0	1	1	1	0	0	1	1	0	0	0	0	1	0	1	1	0	0	0	0	1	0	0	0	0	0	0	0	1.53259	1.26624745454545	0.696642190965193	0.569605263580262
"Davos_random_22_17"	1	1	0	1	1	0	0	0	1	1	0	0	0	0	1	0	1	1	0	0	0	0	1	0	0	0	0	0	0	0	1.476636	1.3758065	0.811832753151784	0.563973746848216
"Davos_random_22_18"	1	1	0	1	1	0	0	0	1	0	0	0	0	0	1	0	1	1	0	0	0	0	1	0	0	0	0	0	0	0	1.486963	1.497597	0.983971609613077	0.513625390386923
"Davos_random_23_12"	1	1	0	1	1	1	1	0	1	1	0	1	0	0	0	0	1	0	0	0	0	0	1	1	0	0	0	0	0	1	1.501723	1.29264646153846	0.06216833833541	1.23047812320305
"Davos_random_23_13"	1	1	0	1	1	1	0	0	1	1	0	1	0	0	0	0	1	0	0	0	0	0	1	1	0	0	0	0	0	1	1.532293	1.47063183333333	0.0495880165218409	1.42104381681149
"Davos_random_23_14"	1	1	0	1	1	1	0	0	1	1	0	1	0	0	0	0	1	0	0	0	0	0	1	1	0	0	0	0	0	1	1.518363	1.32320658333333	0.154587163083143	1.16861942025019
"Davos_random_23_15"	1	1	0	1	1	1	0	0	1	0	0	1	0	0	0	0	1	0	0	0	0	0	1	1	0	0	0	0	0	1	1.520621	1.40535790909091	0.418848968586649	0.98650894050426
"Davos_random_23_16"	1	1	0	1	1	1	0	0	1	0	0	1	0	0	0	0	0	0	0	0	0	0	1	1	0	0	0	0	0	1	1.513408	1.3830339	0.0316855288307077	1.35134837116929
"Davos_random_23_17"	1	1	0	1	1	1	0	0	0	0	0	1	0	0	0	0	0	0	0	0	0	0	1	1	0	0	0	0	0	1	1.849267	2.05595533333333	0.188503985337231	1.8674513479961
"Davos_random_23_18"	1	1	0	1	1	1	0	0	0	0	0	1	0	0	0	0	0	0	0	0	0	0	1	0	0	0	0	0	0	1	1.797064	2.024155125	-0.14470798330555	2.16886310830555
"Davos_random_24_12"	0	1	0	1	1	1	1	0	1	0	0	1	0	0	1	0	0	1	0	0	0	1	1	1	0	0	0	1	0	0	1.474202	1.26529438461538	-0.32086186239475	1.58615624701013
"Davos_random_24_13"	0	1	0	1	1	1	1	0	1	0	0	1	0	0	1	0	0	1	0	0	0	1	1	1	0	0	0	1	0	0	1.531917	1.23180730769231	-0.428429859189101	1.66023716688141
"Davos_random_24_14"	0	1	0	1	1	1	1	0	1	0	0	1	0	0	1	0	0	1	0	0	0	1	1	1	0	0	0	1	0	0	1.499432	1.07148715384615	-0.67103631404428	1.74252346789043
"Davos_random_24_15"	0	1	0	1	1	1	1	0	1	0	0	0	0	0	1	0	0	1	0	0	0	1	1	1	0	0	0	1	0	0	1.50578	1.189746	-0.223378535980792	1.41312453598079
"Davos_random_24_16"	0	1	0	1	1	1	1	0	1	0	0	0	0	0	1	0	0	0	0	0	0	1	1	1	0	0	0	1	0	0	1.535422	1.30045963636364	-0.14923489126017	1.44969452762381
"Davos_random_24_17"	0	1	0	1	1	1	0	0	1	0	0	0	0	0	1	0	0	0	0	0	0	1	1	1	0	0	0	1	0	0	1.544758	1.4694979	-0.271367665396655	1.74086556539665
"Davos_random_24_18"	0	1	0	1	1	1	0	0	0	0	0	0	0	0	1	0	0	0	0	0	0	1	1	1	0	0	0	1	0	0	1.896146	2.13365622222222	0.0767355959751873	2.05692062624704
"Davos_random_25_12"	0	0	0	1	0	0	1	0	1	0	1	1	0	0	1	0	1	0	0	0	0	1	1	0	1	0	0	1	0	1	1.514566	1.89705133333333	0.0129466102551573	1.88410472307818
"Davos_random_25_13"	0	0	0	1	0	0	1	0	1	0	0	1	0	0	1	0	1	0	0	0	0	1	1	0	1	0	0	1	0	1	1.514115	2.01170590909091	0.66865812447843	1.34304778461248
"Davos_random_25_14"	0	0	0	1	0	0	1	0	1	0	0	1	0	0	1	0	1	0	0	0	0	1	1	0	0	0	0	1	0	1	1.517012	2.0664238	0.236607808659323	1.82981599134068
"Davos_random_25_15"	0	0	0	1	0	0	1	0	1	0	0	1	0	0	0	0	1	0	0	0	0	1	1	0	0	0	0	1	0	1	1.486981	2.07413122222222	0.190453184088746	1.88367803813348
"Davos_random_25_16"	0	0	0	1	0	0	1	0	1	0	0	0	0	0	0	0	1	0	0	0	0	1	1	0	0	0	0	1	0	1	1.500201	2.390497875	0.972974560896043	1.41752331410396
"Davos_random_25_17"	0	0	0	1	0	0	1	0	0	0	0	0	0	0	0	0	1	0	0	0	0	1	1	0	0	0	0	1	0	1	1.709939	3.14925071428571	-0.509474037429993	3.65872475171571
"Davos_random_25_18"	0	0	0	1	0	0	1	0	0	0	0	0	0	0	0	0	1	0	0	0	0	1	1	0	0	0	0	1	0	1	1.712096	2.90897957142857	-0.8481266911401	3.75710626256867
"Davos_random_26_12"	1	1	0	0	1	1	1	0	1	1	0	0	0	0	1	0	1	1	0	0	0	0	0	1	1	0	0	1	0	0	1.535438	1.39993346153846	-0.580356691495611	1.98029015303407
"Davos_random_26_13"	1	0	0	0	1	1	1	0	1	1	0	0	0	0	1	0	1	1	0	0	0	0	0	1	1	0	0	1	0	0	1.525154	1.48799958333333	-0.130175550545506	1.61817513387884
"Davos_random_26_14"	1	0	0	0	1	1	1	0	1	1	0	0	0	0	1	0	1	1	0	0	0	0	0	1	1	0	0	0	0	0	1.518672	1.47462281818182	0.0751248009163701	1.39949801726545
"Davos_random_26_15"	1	0	0	0	1	1	1	0	1	1	0	0	0	0	1	0	1	1	0	0	0	0	0	1	1	0	0	0	0	0	1.509528	1.32326136363636	0.57777960209777	0.745481761538594
"Davos_random_26_16"	1	0	0	0	1	1	0	0	1	1	0	0	0	0	1	0	1	1	0	0	0	0	0	1	1	0	0	0	0	0	1.524924	1.5071928	0.63951205070619	0.86768074929381
"Davos_random_26_17"	1	0	0	0	1	1	0	0	1	1	0	0	0	0	1	0	1	1	0	0	0	0	0	1	1	0	0	0	0	0	1.505732	1.3278316	0.483608048483499	0.8442235515165
"Davos_random_26_18"	1	0	0	0	1	1	0	0	1	1	0	0	0	0	1	0	1	1	0	0	0	0	0	1	1	0	0	0	0	0	1.551505	1.2367633	0.539499972732355	0.697263327267645
"Davos_random_27_12"	0	0	0	0	0	0	1	0	0	0	1	1	0	0	0	0	1	1	0	0	0	1	1	1	1	0	0	1	0	1	1.968831	2.87928881818182	-3.58883471138221	6.46812352956403
"Davos_random_27_13"	0	0	0	0	0	0	1	0	0	0	1	1	0	0	0	0	1	1	0	0	0	1	0	1	1	0	0	1	0	1	1.978259	2.9873487	-3.18672983383043	6.17407853383043
"Davos_random_27_14"	0	0	0	0	0	0	1	0	0	0	1	1	0	0	0	0	1	1	0	0	0	1	0	1	1	0	0	0	0	1	1.972885	3.08934155555556	-4.40514338251859	7.49448493807414
"Davos_random_27_15"	0	0	0	0	0	0	1	0	0	0	0	1	0	0	0	0	1	1	0	0	0	1	0	1	1	0	0	0	0	1	2.12229	3.63856275	-3.04896555368213	6.68752830368213
"Davos_random_27_16"	0	0	0	0	0	0	1	0	0	0	0	1	0	0	0	0	1	1	0	0	0	1	0	1	1	0	0	0	0	0	2.13244	3.876957	-1.67148468130922	5.54844168130922
"Davos_random_27_17"	0	0	0	0	0	0	1	0	0	0	0	0	0	0	0	0	1	1	0	0	0	1	0	1	1	0	0	0	0	0	1.84759	3.79397366666667	-2.14575933326872	5.93973299993539
"Davos_random_27_18"	0	0	0	0	0	0	0	0	0	0	0	0	0	0	0	0	1	1	0	0	0	1	0	1	1	0	0	0	0	0	1.243488	2.9715134	-0.523027233936469	3.49454063393647
"Davos_random_28_12"	0	1	0	0	1	1	0	0	0	1	0	1	0	0	1	0	1	1	0	0	0	1	1	1	1	0	0	1	0	0	1.785224	1.89788569230769	-0.368386904038966	2.26627259634666
"Davos_random_28_13"	0	1	0	0	1	1	0	0	0	1	0	1	0	0	1	0	1	1	0	0	0	0	1	1	1	0	0	1	0	0	1.830862	1.97576591666667	-0.84182429819893	2.8175902148656
"Davos_random_28_14"	0	1	0	0	1	1	0	0	0	1	0	0	0	0	1	0	1	1	0	0	0	0	1	1	1	0	0	1	0	0	1.800087	2.10005790909091	-0.486705539547415	2.58676344863832
"Davos_random_28_15"	0	1	0	0	1	1	0	0	0	1	0	0	0	0	1	0	1	1	0	0	0	0	1	1	1	0	0	1	0	0	1.658199	1.73003109090909	-0.704129007347969	2.43416009825706
"Davos_random_28_16"	0	1	0	0	1	1	0	0	0	1	0	0	0	0	1	0	1	1	0	0	0	0	1	1	1	0	0	1	0	0	1.781855	1.74790754545455	-0.618990663084704	2.36689820853925
"Davos_random_28_17"	0	0	0	0	1	1	0	0	0	1	0	0	0	0	1	0	1	1	0	0	0	0	1	1	1	0	0	1	0	0	1.868489	2.0035414	-0.29974793513732	2.30328933513732
"Davos_random_28_18"	0	0	0	0	1	1	0	0	0	0	0	0	0	0	1	0	1	1	0	0	0	0	1	1	1	0	0	1	0	0	1.854916	2.11701877777778	0.00368956097910159	2.11332921679868
"Davos_random_29_12"	1	0	0	1	1	1	1	0	0	1	0	1	0	0	1	0	1	1	0	0	0	1	1	1	1	0	0	1	0	1	1.803464	1.5193043125	-1.2301120096436	2.74941632214359
"Davos_random_29_13"	1	0	0	1	1	1	1	0	0	1	0	1	0	0	1	0	1	1	0	0	0	1	1	1	1	0	0	1	0	1	1.770097	1.3690499375	-1.31079053324752	2.67984047074752
"Davos_random_29_14"	1	0	0	1	1	1	1	0	0	0	0	1	0	0	1	0	1	1	0	0	0	1	1	1	1	0	0	1	0	1	1.850767	1.50458566666667	-1.06988973756254	2.5744754042292
"Davos_random_29_15"	1	0	0	1	1	1	1	0	0	0	0	1	0	0	0	0	1	1	0	0	0	1	1	1	1	0	0	1	0	1	1.788579	1.40881864285714	-0.942355469364226	2.35117411222137
"Davos_random_29_16"	1	0	0	1	1	1	1	0	0	0	0	1	0	0	0	0	1	1	0	0	0	0	1	1	1	0	0	1	0	1	1.825656	1.42241953846154	-0.763080634296542	2.18550017275808
"Davos_random_29_17"	0	0	0	1	1	1	1	0	0	0	0	1	0	0	0	0	1	1	0	0	0	0	1	1	1	0	0	1	0	1	1.891657	1.482026	-0.982203761051272	2.46422976105127
"Davos_random_29_18"	0	0	0	1	1	1	1	0	0	0	0	1	0	0	0	0	1	1	0	0	0	0	1	1	1	0	0	0	0	1	1.833764	1.37638636363636	-0.390382124676243	1.76676848831261
"Davos_random_30_12"	1	1	0	1	0	0	1	0	0	0	1	0	0	0	0	0	1	1	0	0	0	0	1	1	1	0	0	1	0	0	1.742359	2.49501809090909	-4.35360924762107	6.84862733853017
"Davos_random_30_13"	1	1	0	1	0	0	1	0	0	0	1	0	0	0	0	0	0	1	0	0	0	0	1	1	1	0	0	1	0	0	1.738515	2.5633866	-2.57493382031041	5.13832042031041
"Davos_random_30_14"	1	1	0	1	0	0	1	0	0	0	1	0	0	0	0	0	0	1	0	0	0	0	1	1	1	0	0	0	0	0	1.732387	2.64348655555556	-2.11766537975139	4.76115193530695
"Davos_random_30_15"	1	1	0	1	0	0	1	0	0	0	1	0	0	0	0	0	0	1	0	0	0	0	1	1	1	0	0	0	0	0	1.715131	2.42032177777778	-1.5332218350357	3.95354361281348
"Davos_random_30_16"	1	1	0	1	0	0	1	0	0	0	1	0	0	0	0	0	0	1	0	0	0	0	1	1	1	0	0	0	0	0	1.735913	2.26438833333333	-2.49004351702295	4.75443185035628
"Davos_random_30_17"	1	1	0	1	0	0	0	0	0	0	1	0	0	0	0	0	0	1	0	0	0	0	1	1	1	0	0	0	0	0	1.589421	2.298416875	-1.15738479071422	3.45580166571422
"Davos_random_30_18"	1	1	0	1	0	0	0	0	0	0	1	0	0	0	0	0	0	1	0	0	0	0	1	1	1	0	0	0	0	0	1.596779	2.111696	-0.634697765351434	2.74639376535143
