"assemblage"	"AVir"	"PMon"	"TBac"	"AAlb"	"PCem"	"LDec"	"BPen"	"QRob"	"PAbi"	"PSyl"	"PNig"	"AInc"	"UGla"	"TPla"	"AGlu"	"QPub"	"SAri"	"PTre"	"APla"	"TCor"	"SAlb"	"QPet"	"CAve"	"SAuc"	"FSyl"	"ACam"	"CSat"	"APse"	"FExc"	"CBet"	"productivity"	"DeltaY"	"Selection"	"Complementarity"
"GrandeDixence_increasing_15"	1	1	0	1	1	1	1	0	1	1	0	1	0	0	0	0	0	0	0	0	0	0	0	0	0	0	0	0	0	0	1.241691	1.70836277777778	-0.505255167842528	2.21361794562031
"GrandeDixence_decreasing_15"	0	0	0	0	0	0	0	0	0	0	0	0	0	0	0	0	0	1	0	0	0	0	0	1	0	0	0	0	0	0	0.014737	0.1106875	-0.000288417873869504	0.110975917873869
"GrandeDixence_random_1_15"	0	0	0	1	0	0	0	0	1	0	0	1	0	0	0	0	0	1	0	0	0	0	0	0	0	0	0	0	0	0	0.653004	2.44819175	0.0742842043664611	2.37390754563354
"GrandeDixence_random_2_15"	1	0	0	1	0	1	0	0	1	0	0	0	0	0	0	0	0	0	0	0	0	0	0	0	0	0	0	0	0	0	1.086214	3.78568175	-0.0519251153652305	3.83760686536523
"GrandeDixence_random_3_15"	0	1	0	1	1	1	0	0	0	0	0	1	0	0	0	0	0	1	0	0	0	0	0	1	0	0	0	0	0	0	1.482213	2.853308	-0.0979950304522053	2.95130303045221
"GrandeDixence_random_4_15"	1	1	0	0	1	0	1	0	1	0	0	1	0	0	0	0	0	0	0	0	0	0	0	1	0	0	0	0	0	0	1.155165	2.20843742857143	1.47819456350544	0.730242865065986
"GrandeDixence_random_5_15"	0	1	0	1	1	1	1	0	0	0	0	1	0	0	0	0	0	1	0	0	0	0	0	1	0	0	0	0	0	0	1.466618	2.46513975	0.386908405347529	2.07823134465247
"GrandeDixence_random_6_15"	0	1	0	1	1	0	1	0	1	0	0	0	0	0	0	0	0	0	0	0	0	0	0	1	0	0	0	0	0	0	1.203828	2.72447216666667	-0.458144435651221	3.18261660231789
"GrandeDixence_random_7_15"	1	0	0	1	0	0	0	0	1	1	0	0	0	0	0	0	0	1	0	0	0	0	0	0	0	0	0	0	0	0	0.661139	1.9629728	1.06054755763369	0.902425242366313
"GrandeDixence_random_8_15"	1	1	0	1	1	0	0	0	1	1	0	1	0	0	0	0	0	1	0	0	0	0	0	0	0	0	0	0	0	0	1.197592	2.018536875	0.946992191304983	1.07154468369502
"GrandeDixence_random_9_15"	1	1	0	0	0	1	1	0	0	0	0	0	0	0	0	0	0	0	0	0	0	0	0	0	0	0	0	0	0	0	1.486499	5.323704	2.81805037723357	2.50565362276643
"GrandeDixence_random_10_15"	1	1	0	1	1	1	0	0	0	0	0	0	0	0	0	0	0	1	0	0	0	0	0	0	0	0	0	0	0	0	1.406537	3.1116	-1.72127968842501	4.83287968842501
"GrandeDixence_random_11_15"	1	1	0	0	0	0	1	0	0	1	0	1	0	0	0	0	0	1	0	0	0	0	0	1	0	0	0	0	0	0	0.856245	1.80993728571429	0.134677328127291	1.675259957587
"GrandeDixence_random_12_15"	1	0	0	0	1	1	1	0	0	1	0	1	0	0	0	0	0	1	0	0	0	0	0	0	0	0	0	0	0	0	1.459566	2.91604642857143	1.9869530615469	0.929093367024533
"GrandeDixence_random_13_15"	1	1	0	0	1	1	0	0	0	1	0	1	0	0	0	0	0	1	0	0	0	0	0	1	0	0	0	0	0	0	1.497003	2.51247975	1.69305613992848	0.819423610071522
"GrandeDixence_random_14_15"	0	1	0	1	0	1	1	0	1	1	0	1	0	0	0	0	0	0	0	0	0	0	0	0	0	0	0	0	0	0	1.071629	2.015423	0.717299130415717	1.29812386958428
"GrandeDixence_random_15_15"	0	1	0	1	1	1	1	0	0	0	0	1	0	0	0	0	0	1	0	0	0	0	0	0	0	0	0	0	0	0	1.420179	2.71295114285714	-0.0593230136940641	2.77227415655121
"GrandeDixence_random_16_15"	0	1	0	1	1	0	1	0	0	1	0	0	0	0	0	0	0	0	0	0	0	0	0	0	0	0	0	0	0	0	1.323	3.7829602	1.2333930754267	2.5495671245733
"GrandeDixence_random_17_15"	1	0	0	0	1	1	0	0	1	1	0	1	0	0	0	0	0	0	0	0	0	0	0	1	0	0	0	0	0	0	1.195901	2.21915442857143	1.26409260529499	0.955061823276434
"GrandeDixence_random_18_15"	0	0	0	1	1	0	1	0	0	0	0	0	0	0	0	0	0	0	0	0	0	0	0	1	0	0	0	0	0	0	1.334859	4.99904325	3.28705338638893	1.71198986361107
"GrandeDixence_random_19_15"	1	1	0	1	0	0	0	0	1	0	0	1	0	0	0	0	0	0	0	0	0	0	0	1	0	0	0	0	0	0	0.699068	1.58506316666667	0.0842785614731536	1.50078460519351
"GrandeDixence_random_20_15"	0	1	0	0	1	0	1	0	0	1	0	1	0	0	0	0	0	1	0	0	0	0	0	0	0	0	0	0	0	0	1.288224	3.05910616666667	1.93843195902871	1.12067420763796
"GrandeDixence_random_21_15"	1	0	0	1	0	0	0	0	0	1	0	1	0	0	0	0	0	0	0	0	0	0	0	1	0	0	0	0	0	0	0.12592	0.3780192	0.0451842096237111	0.332834990376289
"GrandeDixence_random_22_15"	1	1	0	1	1	1	0	0	1	1	0	0	0	0	0	0	0	1	0	0	0	0	0	0	0	0	0	0	0	0	1.234464	1.90778275	-0.266791152265224	2.17457390226522
"GrandeDixence_random_23_15"	1	1	0	1	1	1	0	0	1	0	0	1	0	0	0	0	0	0	0	0	0	0	0	1	0	0	0	0	0	0	1.217057	1.87172925	-0.0364800722076513	1.90820932220765
"GrandeDixence_random_24_15"	0	1	0	1	1	1	1	0	1	0	0	0	0	0	0	0	0	1	0	0	0	0	0	1	0	0	0	0	0	0	1.207502	1.865726875	0.121456046953884	1.74427082804612
"GrandeDixence_random_25_15"	0	0	0	1	0	0	1	0	1	0	0	1	0	0	0	0	0	0	0	0	0	0	0	0	0	0	0	0	0	0	0.656393	2.4615815	0.898286910299026	1.56329458970097
"GrandeDixence_random_26_15"	1	0	0	0	1	1	1	0	1	1	0	0	0	0	0	0	0	1	0	0	0	0	0	1	0	0	0	0	0	0	1.239131	2.02791925	1.29378324021705	0.734136009782949
"GrandeDixence_random_27_15"	0	0	0	0	0	0	1	0	0	0	0	1	0	0	0	0	0	1	0	0	0	0	0	1	0	0	0	0	0	0	0.01942	0.07295525	0.000494327802372491	0.0724609221976275
"GrandeDixence_random_28_15"	0	1	0	0	1	1	0	0	0	1	0	0	0	0	0	0	0	1	0	0	0	0	0	1	0	0	0	0	0	0	1.500379	3.377181	1.87008526438677	1.50709573561322
"GrandeDixence_random_29_15"	1	0	0	1	1	1	1	0	0	0	0	1	0	0	0	0	0	1	0	0	0	0	0	1	0	0	0	0	0	0	1.461141	2.553456375	0.561797685051548	1.99165868994845
"GrandeDixence_random_30_15"	1	1	0	1	0	0	1	0	0	0	0	0	0	0	0	0	0	1	0	0	0	0	0	1	0	0	0	0	0	0	0.863237	2.1310145	0.497896561941448	1.63311793805855
