"assemblage"	"AVir"	"PMon"	"TBac"	"AAlb"	"PCem"	"LDec"	"BPen"	"QRob"	"PAbi"	"PSyl"	"PNig"	"AInc"	"UGla"	"TPla"	"AGlu"	"QPub"	"SAri"	"PTre"	"APla"	"TCor"	"SAlb"	"QPet"	"CAve"	"SAuc"	"FSyl"	"ACam"	"CSat"	"APse"	"FExc"	"CBet"	"productivity"	"DeltaY"	"Selection"	"Complementarity"
"Schaffhausen_increasing_12"	1	1	1	1	1	1	1	1	1	1	1	1	1	1	1	1	1	1	1	0	0	0	0	0	0	0	0	0	0	0	1.649692	0.570012421052632	-0.0506610899825767	0.620673511035208
"Schaffhausen_increasing_13"	1	1	1	1	1	1	1	1	1	1	1	1	1	1	1	1	1	1	0	0	0	0	0	0	0	0	0	0	0	0	1.697369	0.613041388888889	0.0173229334090516	0.595718455479837
"Schaffhausen_increasing_14"	1	1	1	1	1	1	1	1	1	1	1	1	1	1	1	1	1	0	0	0	0	0	0	0	0	0	0	0	0	0	1.634728	0.611500705882353	0.0802293783181833	0.53127132756417
"Schaffhausen_increasing_15"	1	1	1	1	1	1	1	1	1	1	1	1	1	1	1	1	0	0	0	0	0	0	0	0	0	0	0	0	0	0	1.680568	0.6342900625	0.103995365556611	0.530294696943389
"Schaffhausen_increasing_16"	1	1	1	1	1	1	1	1	1	1	1	1	1	1	1	0	0	0	0	0	0	0	0	0	0	0	0	0	0	0	1.638365	0.640273866666667	0.157723627876115	0.482550238790551
"Schaffhausen_increasing_17"	1	1	1	1	1	1	1	1	1	1	1	1	1	1	0	0	0	0	0	0	0	0	0	0	0	0	0	0	0	0	1.607802	0.555653071428571	0.104974505644253	0.450678565784319
"Schaffhausen_increasing_18"	1	1	1	1	1	1	1	1	1	1	1	1	1	0	0	0	0	0	0	0	0	0	0	0	0	0	0	0	0	0	1.755401	0.686518307692308	0.184581161611128	0.50193714608118
"Schaffhausen_decreasing_12"	0	0	0	0	0	0	0	0	0	0	0	1	1	1	1	1	1	1	1	1	1	1	1	1	1	1	1	1	1	1	2.242455	1.11305310526316	0.706362344911264	0.406690760351894
"Schaffhausen_decreasing_13"	0	0	0	0	0	0	0	0	0	0	0	0	1	1	1	1	1	1	1	1	1	1	1	1	1	1	1	1	1	1	2.154178	0.989521944444445	0.655507983845758	0.334013960598686
"Schaffhausen_decreasing_14"	0	0	0	0	0	0	0	0	0	0	0	0	0	1	1	1	1	1	1	1	1	1	1	1	1	1	1	1	1	1	2.236577	1.07106329411765	0.675017798627799	0.396045495489848
"Schaffhausen_decreasing_15"	0	0	0	0	0	0	0	0	0	0	0	0	0	0	1	1	1	1	1	1	1	1	1	1	1	1	1	1	1	1	2.27586	1.0896648125	0.718076620970584	0.371588191529417
"Schaffhausen_decreasing_16"	0	0	0	0	0	0	0	0	0	0	0	0	0	0	0	1	1	1	1	1	1	1	1	1	1	1	1	1	1	1	2.241344	0.9921546	0.611447005532822	0.380707594467178
"Schaffhausen_decreasing_17"	0	0	0	0	0	0	0	0	0	0	0	0	0	0	0	0	1	1	1	1	1	1	1	1	1	1	1	1	1	1	2.214116	1.00206164285714	0.641048961596955	0.361012681260188
"Schaffhausen_decreasing_18"	0	0	0	0	0	0	0	0	0	0	0	0	0	0	0	0	0	1	1	1	1	1	1	1	1	1	1	1	1	1	2.184001	0.929051461538462	0.574382145473021	0.354669316065441
"Schaffhausen_random_1_12"	1	0	1	1	1	0	0	1	1	0	1	1	1	1	0	0	1	1	1	1	0	1	0	0	1	0	0	1	1	1	2.475649	1.310332	0.822676129398131	0.487655870601869
"Schaffhausen_random_1_13"	1	0	1	1	0	0	0	1	1	0	1	1	1	1	0	0	1	1	1	1	0	1	0	0	1	0	0	1	1	1	2.581911	1.39532066666667	0.818231789818716	0.577088876847951
"Schaffhausen_random_1_14"	0	0	1	1	0	0	0	1	1	0	1	1	1	1	0	0	1	1	1	1	0	1	0	0	1	0	0	1	1	1	2.431158	1.17519335294118	0.667510318834476	0.5076830341067
"Schaffhausen_random_1_15"	0	0	0	1	0	0	0	1	1	0	1	1	1	1	0	0	1	1	1	1	0	1	0	0	1	0	0	1	1	1	2.512443	1.22569925	0.661051108966554	0.564648141033446
"Schaffhausen_random_1_16"	0	0	0	1	0	0	0	1	1	0	1	1	1	1	0	0	1	1	1	1	0	1	0	0	0	0	0	1	1	1	1.838152	0.642021	0.186260437950799	0.455760562049201
"Schaffhausen_random_1_17"	0	0	0	1	0	0	0	1	1	0	1	1	0	1	0	0	1	1	1	1	0	1	0	0	0	0	0	1	1	1	1.873311	0.673890357142857	0.23236966677991	0.441520690362947
"Schaffhausen_random_1_18"	0	0	0	1	0	0	0	1	1	0	1	1	0	0	0	0	1	1	1	1	0	1	0	0	0	0	0	1	1	1	1.928734	0.701251	0.239076483233416	0.462174516766584
"Schaffhausen_random_2_12"	1	0	1	1	0	1	1	0	1	0	0	0	1	0	0	1	1	0	1	1	0	1	0	1	1	1	1	1	1	1	2.334449	1.06847321052632	0.579169770780837	0.489303439745478
"Schaffhausen_random_2_13"	1	0	1	1	0	1	1	0	1	0	0	0	1	0	0	1	1	0	1	1	0	1	0	0	1	1	1	1	1	1	2.31169	0.999086722222222	0.489326194250827	0.509760527971395
"Schaffhausen_random_2_14"	1	0	1	1	0	1	0	0	1	0	0	0	1	0	0	1	1	0	1	1	0	1	0	0	1	1	1	1	1	1	2.335791	1.06397558823529	0.578801555663375	0.485174032571919
"Schaffhausen_random_2_15"	1	0	1	1	0	1	0	0	1	0	0	0	1	0	0	1	0	0	1	1	0	1	0	0	1	1	1	1	1	1	2.348559	1.0381561875	0.522894209272515	0.515261978227486
"Schaffhausen_random_2_16"	1	0	0	1	0	1	0	0	1	0	0	0	1	0	0	1	0	0	1	1	0	1	0	0	1	1	1	1	1	1	2.288132	0.941268933333333	0.443406250270449	0.497862683062884
"Schaffhausen_random_2_17"	0	0	0	1	0	1	0	0	1	0	0	0	1	0	0	1	0	0	1	1	0	1	0	0	1	1	1	1	1	1	2.318761	0.876209642857143	0.375102590571621	0.501107052285522
"Schaffhausen_random_2_18"	0	0	0	1	0	1	0	0	1	0	0	0	1	0	0	1	0	0	1	1	0	1	0	0	0	1	1	1	1	1	1.672389	0.322405615384615	-0.103321362102313	0.425726977486928
"Schaffhausen_random_3_12"	0	1	0	1	1	1	0	0	0	0	1	1	1	1	0	1	0	1	0	0	1	1	1	1	1	1	0	1	1	1	2.585788	1.40298521052632	0.854255820640187	0.548729389886129
"Schaffhausen_random_3_13"	0	1	0	1	1	1	0	0	0	0	1	1	1	1	0	1	0	1	0	0	1	1	1	1	1	1	0	0	1	1	2.629083	1.45149372222222	0.898354180727212	0.55313954149501
"Schaffhausen_random_3_14"	0	1	0	1	1	1	0	0	0	0	1	1	1	1	0	1	0	1	0	0	1	1	1	1	1	1	0	0	0	1	2.551648	1.41676205882353	0.886677074601618	0.530084984221912
"Schaffhausen_random_3_15"	0	1	0	1	1	1	0	0	0	0	1	1	1	1	0	1	0	1	0	0	1	1	1	1	0	1	0	0	0	1	1.810132	0.769686625	0.322360509873407	0.447326115126593
"Schaffhausen_random_3_16"	0	1	0	1	1	1	0	0	0	0	1	1	1	1	0	1	0	0	0	0	1	1	1	1	0	1	0	0	0	1	1.782336	0.814063133333333	0.387381391477885	0.426681741855448
"Schaffhausen_random_3_17"	0	1	0	1	1	1	0	0	0	0	1	1	1	1	0	1	0	0	0	0	1	0	1	1	0	1	0	0	0	1	1.461226	0.549821857142857	0.121491173516019	0.428330683626838
"Schaffhausen_random_3_18"	0	1	0	1	1	0	0	0	0	0	1	1	1	1	0	1	0	0	0	0	1	0	1	1	0	1	0	0	0	1	1.483297	0.657349384615385	0.228456054242145	0.42889333037324
"Schaffhausen_random_4_12"	1	1	0	0	1	0	1	1	1	1	1	1	0	1	1	0	1	0	0	1	1	0	1	1	0	0	0	1	1	1	1.8021	0.847552578947368	0.446070059979955	0.401482518967413
"Schaffhausen_random_4_13"	1	1	0	0	1	0	1	1	1	0	1	1	0	1	1	0	1	0	0	1	1	0	1	1	0	0	0	1	1	1	1.710324	0.783301444444445	0.456423106890244	0.3268783375542
"Schaffhausen_random_4_14"	1	1	0	0	1	0	1	1	1	0	1	1	0	1	1	0	0	0	0	1	1	0	1	1	0	0	0	1	1	1	1.800603	0.857544823529412	0.435585236038991	0.421959587490421
"Schaffhausen_random_4_15"	1	1	0	0	1	0	1	1	1	0	1	1	0	1	1	0	0	0	0	1	1	0	0	1	0	0	0	1	1	1	1.715157	0.7155816875	0.332423048462971	0.383158639037029
"Schaffhausen_random_4_16"	1	1	0	0	1	0	1	1	1	0	1	1	0	1	1	0	0	0	0	1	0	0	0	1	0	0	0	1	1	1	1.763932	0.724097533333333	0.342195658840722	0.381901874492611
"Schaffhausen_random_4_17"	1	1	0	0	1	0	1	1	1	0	0	1	0	1	1	0	0	0	0	1	0	0	0	1	0	0	0	1	1	1	1.802103	0.709299214285715	0.363089308632428	0.346209905653287
"Schaffhausen_random_4_18"	1	1	0	0	1	0	0	1	1	0	0	1	0	1	1	0	0	0	0	1	0	0	0	1	0	0	0	1	1	1	1.724591	0.702032846153846	0.397481525470686	0.30455132068316
"Schaffhausen_random_5_12"	0	1	0	1	1	1	1	1	0	0	0	1	1	1	1	1	0	1	1	0	1	0	1	1	0	0	1	1	0	1	1.518464	0.402550315789474	0.0958902997583172	0.306660016031156
"Schaffhausen_random_5_13"	0	1	0	1	1	1	1	1	0	0	0	1	1	1	1	1	0	1	1	0	1	0	1	1	0	0	1	0	0	1	1.503562	0.396577888888889	0.084256610954741	0.312321277934148
"Schaffhausen_random_5_14"	0	1	0	1	1	1	1	1	0	0	0	1	1	0	1	1	0	1	1	0	1	0	1	1	0	0	1	0	0	1	1.494288	0.371281882352941	0.0751006365646258	0.296181245788315
"Schaffhausen_random_5_15"	0	1	0	1	1	1	1	1	0	0	0	1	1	0	1	0	0	1	1	0	1	0	1	1	0	0	1	0	0	1	1.526217	0.4435905	0.150193671666631	0.293396828333369
"Schaffhausen_random_5_16"	0	0	0	1	1	1	1	1	0	0	0	1	1	0	1	0	0	1	1	0	1	0	1	1	0	0	1	0	0	1	1.574787	0.514240866666667	0.205100339270204	0.309140527396463
"Schaffhausen_random_5_17"	0	0	0	1	0	1	1	1	0	0	0	1	1	0	1	0	0	1	1	0	1	0	1	1	0	0	1	0	0	1	1.537523	0.457109071428572	0.15839606900706	0.298713002421511
"Schaffhausen_random_5_18"	0	0	0	1	0	1	1	1	0	0	0	1	1	0	1	0	0	1	1	0	0	0	1	1	0	0	1	0	0	1	1.54366	0.410574846153846	0.0763736376408089	0.334201208513037
"Schaffhausen_random_6_12"	0	1	1	1	1	0	1	1	1	1	1	0	1	1	0	0	1	0	1	0	0	1	1	1	0	0	1	1	0	1	1.751353	0.673621473684211	0.353906394900633	0.319715078783577
"Schaffhausen_random_6_13"	0	1	1	1	1	0	1	0	1	1	1	0	1	1	0	0	1	0	1	0	0	1	1	1	0	0	1	1	0	1	1.684643	0.6349795	0.303579759264673	0.331399740735327
"Schaffhausen_random_6_14"	0	1	1	1	1	0	1	0	1	1	1	0	1	1	0	0	0	0	1	0	0	1	1	1	0	0	1	1	0	1	1.631845	0.558931705882353	0.294659454680504	0.264272251201849
"Schaffhausen_random_6_15"	0	1	1	1	1	0	1	0	1	0	1	0	1	1	0	0	0	0	1	0	0	1	1	1	0	0	1	1	0	1	1.677971	0.6286253125	0.299208306391485	0.329417006108515
"Schaffhausen_random_6_16"	0	1	1	1	1	0	1	0	1	0	0	0	1	1	0	0	0	0	1	0	0	1	1	1	0	0	1	1	0	1	1.767728	0.6683102	0.308078759934609	0.360231440065391
"Schaffhausen_random_6_17"	0	1	1	1	0	0	1	0	1	0	0	0	1	1	0	0	0	0	1	0	0	1	1	1	0	0	1	1	0	1	1.647676	0.525613857142857	0.217029955332367	0.30858390181049
"Schaffhausen_random_6_18"	0	1	1	1	0	0	1	0	1	0	0	0	1	0	0	0	0	0	1	0	0	1	1	1	0	0	1	1	0	1	1.672184	0.528010153846154	0.202800563659658	0.325209590186496
"Schaffhausen_random_7_12"	1	1	0	1	0	0	1	1	1	1	0	0	0	1	1	0	1	1	0	0	1	0	1	1	1	1	1	0	1	1	2.199779	1.07309410526316	0.652169995142386	0.420924110120772
"Schaffhausen_random_7_13"	1	0	0	1	0	0	1	1	1	1	0	0	0	1	1	0	1	1	0	0	1	0	1	1	1	1	1	0	1	1	2.076349	0.965616722222222	0.647605040825301	0.318011681396922
"Schaffhausen_random_7_14"	1	0	0	1	0	0	0	1	1	1	0	0	0	1	1	0	1	1	0	0	1	0	1	1	1	1	1	0	1	1	2.294574	1.23650435294118	0.803523563164502	0.432980789776675
"Schaffhausen_random_7_15"	1	0	0	1	0	0	0	1	1	1	0	0	0	1	1	0	1	1	0	0	1	0	1	0	1	1	1	0	1	1	2.191605	1.0940735625	0.69218864123957	0.40188492126043
"Schaffhausen_random_7_16"	1	0	0	1	0	0	0	1	1	1	0	0	0	1	1	0	1	1	0	0	1	0	1	0	1	0	1	0	1	1	2.182757	1.05503913333333	0.673980065087011	0.381059068246322
"Schaffhausen_random_7_17"	1	0	0	1	0	0	0	1	1	1	0	0	0	1	1	0	1	1	0	0	1	0	0	0	1	0	1	0	1	1	2.218156	1.01265714285714	0.580536371045272	0.432120771811871
"Schaffhausen_random_7_18"	1	0	0	1	0	0	0	1	1	1	0	0	0	1	1	0	1	1	0	0	1	0	0	0	1	0	0	0	1	1	2.573743	1.36472669230769	0.827458891099197	0.537267801208496
"Schaffhausen_random_8_12"	1	1	0	1	1	1	0	1	1	1	1	1	0	0	1	0	1	1	0	1	1	0	0	0	0	1	1	0	1	1	1.584803	0.530200368421053	0.192231012245639	0.337969356175414
"Schaffhausen_random_8_13"	1	1	0	1	1	0	0	1	1	1	1	1	0	0	1	0	1	1	0	1	1	0	0	0	0	1	1	0	1	1	1.595764	0.5949245	0.269488581666724	0.325435918333276
"Schaffhausen_random_8_14"	1	1	0	1	1	0	0	1	1	1	1	1	0	0	1	0	1	1	0	1	1	0	0	0	0	0	1	0	1	1	1.508587	0.486800176470588	0.211066875919266	0.275733300551323
"Schaffhausen_random_8_15"	1	1	0	1	1	0	0	1	1	1	0	1	0	0	1	0	1	1	0	1	1	0	0	0	0	0	1	0	1	1	1.501955	0.434948	0.186712563111702	0.248235436888298
"Schaffhausen_random_8_16"	1	1	0	1	1	0	0	1	0	1	0	1	0	0	1	0	1	1	0	1	1	0	0	0	0	0	1	0	1	1	1.581481	0.536018733333333	0.260976754903874	0.275041978429459
"Schaffhausen_random_8_17"	1	1	0	1	1	0	0	1	0	1	0	1	0	0	1	0	1	0	0	1	1	0	0	0	0	0	1	0	1	1	1.593891	0.625398071428572	0.334405581540081	0.29099248988849
"Schaffhausen_random_8_18"	1	1	0	0	1	0	0	1	0	1	0	1	0	0	1	0	1	0	0	1	1	0	0	0	0	0	1	0	1	1	1.590314	0.588389923076923	0.366504193501621	0.221885729575302
"Schaffhausen_random_9_12"	1	1	0	0	0	1	1	1	0	0	1	0	1	1	1	1	1	0	0	0	1	1	1	1	1	1	1	0	1	0	2.209563	1.10642321052632	0.705625107326666	0.400798103199649
"Schaffhausen_random_9_13"	1	1	0	0	0	1	1	1	0	0	1	0	1	0	1	1	1	0	0	0	1	1	1	1	1	1	1	0	1	0	2.213894	1.09583588888889	0.711528874776086	0.384307014112803
"Schaffhausen_random_9_14"	1	1	0	0	0	1	1	1	0	0	1	0	1	0	1	1	1	0	0	0	1	1	1	1	1	1	0	0	1	0	2.485283	1.36967864705882	0.902021141896296	0.467657505162527
"Schaffhausen_random_9_15"	1	1	0	0	0	1	1	1	0	0	1	0	1	0	1	1	1	0	0	0	1	1	1	0	1	1	0	0	1	0	2.474159	1.3154969375	0.883606489813561	0.431890447686439
"Schaffhausen_random_9_16"	1	1	0	0	0	1	1	1	0	0	1	0	1	0	1	1	1	0	0	0	1	1	1	0	1	0	0	0	1	0	2.459696	1.26677213333333	0.838579528682159	0.428192604651174
"Schaffhausen_random_9_17"	1	1	0	0	0	1	1	1	0	0	1	0	1	0	1	1	1	0	0	0	1	1	1	0	0	0	0	0	1	0	1.900062	0.810924642857143	0.40992454865033	0.401000094206812
"Schaffhausen_random_9_18"	1	1	0	0	0	1	1	1	0	0	1	0	1	0	1	1	1	0	0	0	1	1	0	0	0	0	0	0	1	0	1.909035	0.739101230769231	0.321629606526038	0.417471624243193
"Schaffhausen_random_10_12"	1	1	0	1	1	1	0	0	0	0	1	0	1	1	1	1	1	1	0	1	1	0	1	1	1	1	0	0	0	1	2.546662	1.55080189473684	0.978118697141598	0.572683197595244
"Schaffhausen_random_10_13"	1	1	0	1	1	1	0	0	0	0	1	0	1	1	0	1	1	1	0	1	1	0	1	1	1	1	0	0	0	1	2.530807	1.49302588888889	0.942630656540415	0.550395232348474
"Schaffhausen_random_10_14"	1	1	0	1	1	1	0	0	0	0	1	0	1	1	0	1	0	1	0	1	1	0	1	1	1	1	0	0	0	1	2.491523	1.43119105882353	0.897967075349249	0.53322398347428
"Schaffhausen_random_10_15"	1	1	0	1	1	1	0	0	0	0	1	0	1	1	0	1	0	1	0	1	1	0	1	0	1	1	0	0	0	1	2.504333	1.404397875	0.839558548604355	0.564839326395645
"Schaffhausen_random_10_16"	1	1	0	1	1	1	0	0	0	0	1	0	1	1	0	1	0	1	0	1	0	0	1	0	1	1	0	0	0	1	2.536491	1.38960606666667	0.799113929495948	0.590492137170719
"Schaffhausen_random_10_17"	1	1	0	1	1	1	0	0	0	0	1	0	1	1	0	0	0	1	0	1	0	0	1	0	1	1	0	0	0	1	2.540133	1.43769057142857	0.882859054793318	0.554831516635254
"Schaffhausen_random_10_18"	1	1	0	0	1	1	0	0	0	0	1	0	1	1	0	0	0	1	0	1	0	0	1	0	1	1	0	0	0	1	2.483139	1.33696161538462	0.877471335784453	0.459490279600162
"Schaffhausen_random_11_12"	1	1	0	0	0	0	1	0	0	1	0	1	1	0	1	1	1	1	0	1	0	1	1	1	1	1	1	1	1	0	2.164732	0.998683736842105	0.658300855910736	0.340382880931369
"Schaffhausen_random_11_13"	1	1	0	0	0	0	1	0	0	1	0	1	0	0	1	1	1	1	0	1	0	1	1	1	1	1	1	1	1	0	2.137634	0.970698388888889	0.647501005692227	0.323197383196662
"Schaffhausen_random_11_14"	1	1	0	0	0	0	1	0	0	1	0	1	0	0	1	1	1	1	0	1	0	1	0	1	1	1	1	1	1	0	2.17284	0.939542529411765	0.592688794758161	0.346853734653604
"Schaffhausen_random_11_15"	1	1	0	0	0	0	1	0	0	1	0	1	0	0	1	1	1	1	0	0	0	1	0	1	1	1	1	1	1	0	2.15839	0.90955	0.588695558168109	0.320854441831891
"Schaffhausen_random_11_16"	1	1	0	0	0	0	1	0	0	1	0	0	0	0	1	1	1	1	0	0	0	1	0	1	1	1	1	1	1	0	2.195829	0.896721466666667	0.546302727976158	0.350418738690509
"Schaffhausen_random_11_17"	1	1	0	0	0	0	1	0	0	1	0	0	0	0	1	1	1	1	0	0	0	1	0	1	1	1	1	1	0	0	2.132153	0.876219642857143	0.570413541443346	0.305806101413797
"Schaffhausen_random_11_18"	1	1	0	0	0	0	1	0	0	1	0	0	0	0	1	0	1	1	0	0	0	1	0	1	1	1	1	1	0	0	2.168785	0.952324461538462	0.617088966119313	0.335235495419149
"Schaffhausen_random_12_12"	1	0	1	0	1	1	1	0	0	1	1	1	1	1	1	1	0	1	1	0	0	0	1	0	1	0	1	1	1	0	1.9704	0.814435578947368	0.531817835776124	0.282617743171245
"Schaffhausen_random_12_13"	1	0	1	0	1	1	1	0	0	1	1	1	1	1	1	1	0	1	1	0	0	0	1	0	1	0	0	1	1	0	2.468367	1.31261411111111	0.800224288651193	0.512389822459918
"Schaffhausen_random_12_14"	1	0	0	0	1	1	1	0	0	1	1	1	1	1	1	1	0	1	1	0	0	0	1	0	1	0	0	1	1	0	2.490686	1.31185935294118	0.772881279392879	0.538978073548298
"Schaffhausen_random_12_15"	1	0	0	0	1	1	1	0	0	1	1	1	1	1	1	1	0	1	1	0	0	0	1	0	0	0	0	1	1	0	1.50978	0.422647625	0.0117474466289699	0.41090017837103
"Schaffhausen_random_12_16"	1	0	0	0	1	1	1	0	0	1	1	1	1	0	1	1	0	1	1	0	0	0	1	0	0	0	0	1	1	0	1.704996	0.6010288	0.106298655141341	0.494730144858659
"Schaffhausen_random_12_17"	1	0	0	0	1	1	1	0	0	1	1	1	1	0	1	1	0	1	1	0	0	0	0	0	0	0	0	1	1	0	1.732544	0.552492285714286	0.0109430617969558	0.54154922391733
"Schaffhausen_random_12_18"	1	0	0	0	1	1	1	0	0	1	1	1	1	0	1	0	0	1	1	0	0	0	0	0	0	0	0	1	1	0	1.721865	0.587123153846154	0.0599804329115206	0.527142720934633
"Schaffhausen_random_13_12"	1	1	1	0	1	1	0	0	0	1	0	1	1	1	0	1	0	1	1	1	0	0	1	1	0	0	1	1	1	1	1.399153	0.264867052631579	0.0904527795724707	0.174414273059108
"Schaffhausen_random_13_13"	1	1	1	0	1	1	0	0	0	1	0	1	1	1	0	1	0	1	1	1	0	0	0	1	0	0	1	1	1	1	1.373747	0.178599833333333	0.0128975414574532	0.16570229187588
"Schaffhausen_random_13_14"	1	1	1	0	1	1	0	0	0	1	0	1	1	1	0	1	0	1	1	1	0	0	0	1	0	0	1	1	0	1	1.352806	0.199329352941176	0.0464499953659295	0.152879357575247
"Schaffhausen_random_13_15"	1	1	1	0	1	1	0	0	0	1	0	1	1	1	0	1	0	1	1	1	0	0	0	1	0	0	1	0	0	1	1.355745	0.2099664375	0.0430585927286368	0.166907844771363
"Schaffhausen_random_13_16"	1	1	1	0	1	1	0	0	0	1	0	1	1	1	0	0	0	1	1	1	0	0	0	1	0	0	1	0	0	1	1.372281	0.268055866666667	0.0964094539160172	0.171646412750649
"Schaffhausen_random_13_17"	1	1	1	0	1	1	0	0	0	0	0	1	1	1	0	0	0	1	1	1	0	0	0	1	0	0	1	0	0	1	1.352629	0.273101714285714	0.121325073292115	0.1517766409936
"Schaffhausen_random_13_18"	1	1	1	0	1	1	0	0	0	0	0	1	1	1	0	0	0	1	1	1	0	0	0	1	0	0	1	0	0	0	1.236247	0.224022	0.1333877381505	0.0906342618495002
"Schaffhausen_random_14_12"	0	1	1	1	1	1	1	1	1	1	1	1	1	1	0	0	0	1	0	1	1	1	1	0	0	0	1	0	0	0	1.629529	0.514308631578947	0.152928403252551	0.361380228326397
"Schaffhausen_random_14_13"	0	1	1	1	0	1	1	1	1	1	1	1	1	1	0	0	0	1	0	1	1	1	1	0	0	0	1	0	0	0	1.640476	0.506765444444445	0.167744805572123	0.339020638872322
"Schaffhausen_random_14_14"	0	1	1	1	0	1	1	1	1	1	1	1	1	1	0	0	0	0	0	1	1	1	1	0	0	0	1	0	0	0	1.627684	0.552168882352941	0.233035175904402	0.319133706448539
"Schaffhausen_random_14_15"	0	1	1	1	0	1	1	1	1	1	1	1	1	1	0	0	0	0	0	0	1	1	1	0	0	0	1	0	0	0	1.681388	0.60019175	0.2303297101271	0.3698620398729
"Schaffhausen_random_14_16"	0	1	1	1	0	1	0	1	1	1	1	1	1	1	0	0	0	0	0	0	1	1	1	0	0	0	1	0	0	0	1.699396	0.679853133333333	0.333550030614301	0.346303102719033
"Schaffhausen_random_14_17"	0	1	1	1	0	1	0	1	1	1	1	0	1	1	0	0	0	0	0	0	1	1	1	0	0	0	1	0	0	0	1.682695	0.625672428571429	0.271339577459662	0.354332851111767
"Schaffhausen_random_14_18"	0	0	1	1	0	1	0	1	1	1	1	0	1	1	0	0	0	0	0	0	1	1	1	0	0	0	1	0	0	0	1.657625	0.628049307692308	0.303930600079324	0.324118707612984
"Schaffhausen_random_15_12"	1	1	1	1	1	1	1	1	0	0	0	1	1	0	1	1	1	1	1	0	0	1	1	0	0	1	0	0	0	1	1.957745	0.855467315789474	0.38746842256687	0.467998893222604
"Schaffhausen_random_15_13"	0	1	1	1	1	1	1	1	0	0	0	1	1	0	1	1	1	1	1	0	0	1	1	0	0	1	0	0	0	1	1.919492	0.756378166666667	0.24155921943627	0.514818947230397
"Schaffhausen_random_15_14"	0	1	1	1	1	1	1	1	0	0	0	1	1	0	1	1	0	1	1	0	0	1	1	0	0	1	0	0	0	1	1.965556	0.772518823529412	0.222972635332231	0.54954618819718
"Schaffhausen_random_15_15"	0	1	1	1	1	1	1	1	0	0	0	1	0	0	1	1	0	1	1	0	0	1	1	0	0	1	0	0	0	1	1.99594	0.80021775	0.311934209140045	0.488283540859955
"Schaffhausen_random_15_16"	0	1	1	1	1	1	0	1	0	0	0	1	0	0	1	1	0	1	1	0	0	1	1	0	0	1	0	0	0	1	2.009732	0.868028066666667	0.384876166641144	0.483151900025523
"Schaffhausen_random_15_17"	0	1	1	1	1	1	0	1	0	0	0	1	0	0	1	1	0	1	1	0	0	1	0	0	0	1	0	0	0	1	1.993124	0.772640071428571	0.199410326654521	0.573229744774051
"Schaffhausen_random_15_18"	0	1	0	1	1	1	0	1	0	0	0	1	0	0	1	1	0	1	1	0	0	1	0	0	0	1	0	0	0	1	2.029581	0.773944384615385	0.296462157120738	0.477482227494646
"Schaffhausen_random_16_12"	0	1	0	1	1	0	1	1	0	1	0	1	1	0	1	0	0	0	1	1	1	1	1	0	1	0	1	1	1	1	2.194514	0.995822157894737	0.601635835854941	0.394186322039796
"Schaffhausen_random_16_13"	0	1	0	1	1	0	1	1	0	1	0	0	1	0	1	0	0	0	1	1	1	1	1	0	1	0	1	1	1	1	2.288779	1.05098355555556	0.602599434308125	0.448384121247431
"Schaffhausen_random_16_14"	0	1	0	1	1	0	1	1	0	1	0	0	0	0	1	0	0	0	1	1	1	1	1	0	1	0	1	1	1	1	2.290975	1.04801958823529	0.59423289200762	0.453786696227675
"Schaffhausen_random_16_15"	0	1	0	1	1	0	1	1	0	1	0	0	0	0	1	0	0	0	1	1	1	1	1	0	1	0	1	1	0	1	2.216995	1.0153265	0.591419959863489	0.423906540136511
"Schaffhausen_random_16_16"	0	1	0	1	1	0	1	1	0	1	0	0	0	0	1	0	0	0	0	1	1	1	1	0	1	0	1	1	0	1	2.182845	0.967466266666667	0.570775355147563	0.396690911519104
"Schaffhausen_random_16_17"	0	1	0	1	0	0	1	1	0	1	0	0	0	0	1	0	0	0	0	1	1	1	1	0	1	0	1	1	0	1	2.233587	0.987281	0.580925163350286	0.406355836649715
"Schaffhausen_random_16_18"	0	1	0	1	0	0	1	1	0	1	0	0	0	0	1	0	0	0	0	1	1	1	0	0	1	0	1	1	0	1	2.338773	0.999580692307692	0.515682627136519	0.483898065171173
"Schaffhausen_random_17_12"	1	0	1	1	1	1	0	0	1	1	1	1	0	0	0	0	1	0	0	0	1	1	1	1	0	1	1	1	1	1	1.637003	0.691646421052632	0.377790629240012	0.313855791812619
"Schaffhausen_random_17_13"	1	0	1	0	1	1	0	0	1	1	1	1	0	0	0	0	1	0	0	0	1	1	1	1	0	1	1	1	1	1	1.682967	0.714751055555556	0.461219881752995	0.253531173802561
"Schaffhausen_random_17_14"	1	0	1	0	1	1	0	0	1	1	1	1	0	0	0	0	1	0	0	0	1	1	1	1	0	1	0	1	1	1	2.038348	1.08140005882353	0.73549283857092	0.345907220252609
"Schaffhausen_random_17_15"	1	0	1	0	1	1	0	0	1	1	1	1	0	0	0	0	1	0	0	0	1	1	1	1	0	1	0	1	1	0	1.947053	1.052449375	0.722072538187777	0.330376836812223
"Schaffhausen_random_17_16"	1	0	1	0	1	1	0	0	1	1	1	1	0	0	0	0	1	0	0	0	1	0	1	1	0	1	0	1	1	0	1.897069	1.06045413333333	0.504166115591218	0.556288017742115
"Schaffhausen_random_17_17"	1	0	1	0	1	1	0	0	1	1	1	1	0	0	0	0	1	0	0	0	1	0	0	1	0	1	0	1	1	0	1.880226	0.986623214285714	0.443561837832764	0.54306137645295
"Schaffhausen_random_17_18"	1	0	1	0	1	1	0	0	1	1	0	1	0	0	0	0	1	0	0	0	1	0	0	1	0	1	0	1	1	0	1.917393	0.977994923076923	0.469223257344954	0.508771665731969
"Schaffhausen_random_18_12"	0	0	1	1	1	0	1	1	0	1	1	0	1	1	1	1	1	0	0	0	0	1	1	1	1	1	1	0	1	0	2.149302	1.06244152631579	0.69222866154834	0.370212864767449
"Schaffhausen_random_18_13"	0	0	1	1	1	0	1	1	0	1	1	0	0	1	1	1	1	0	0	0	0	1	1	1	1	1	1	0	1	0	2.212461	1.1291125	0.763918976804267	0.365193523195733
"Schaffhausen_random_18_14"	0	0	1	1	1	0	1	1	0	1	1	0	0	1	1	1	0	0	0	0	0	1	1	1	1	1	1	0	1	0	2.130435	1.02185523529412	0.67274168872981	0.349113546564308
"Schaffhausen_random_18_15"	0	0	1	1	1	0	1	1	0	0	1	0	0	1	1	1	0	0	0	0	0	1	1	1	1	1	1	0	1	0	2.244955	1.1577136875	0.735101091719685	0.422612595780315
"Schaffhausen_random_18_16"	0	0	1	1	1	0	1	1	0	0	1	0	0	1	1	1	0	0	0	0	0	1	1	1	1	1	0	0	1	0	2.432906	1.35050006666667	0.88534765317011	0.465152413496557
"Schaffhausen_random_18_17"	0	0	1	1	1	0	1	1	0	0	1	0	0	1	1	1	0	0	0	0	0	1	1	1	0	1	0	0	1	0	1.776315	0.805589714285714	0.425790226016406	0.379799488269308
"Schaffhausen_random_18_18"	0	0	1	1	1	0	1	1	0	0	1	0	0	1	1	1	0	0	0	0	0	1	1	1	0	0	0	0	1	0	1.832351	0.836549538461538	0.468656062012078	0.36789347644946
"Schaffhausen_random_19_12"	1	1	1	1	0	0	0	1	1	0	1	1	1	1	1	1	1	1	0	0	1	1	1	1	1	0	0	0	0	0	2.396618	1.42142368421053	0.98030781276489	0.441115871445636
"Schaffhausen_random_19_13"	1	1	1	1	0	0	0	1	1	0	0	1	1	1	1	1	1	1	0	0	1	1	1	1	1	0	0	0	0	0	2.505165	1.49236344444444	1.01032713386829	0.482036310576158
"Schaffhausen_random_19_14"	1	1	1	1	0	0	0	1	1	0	0	1	1	0	1	1	1	1	0	0	1	1	1	1	1	0	0	0	0	0	2.503919	1.48063558823529	1.02931313336128	0.451322454874019
"Schaffhausen_random_19_15"	1	1	1	1	0	0	0	1	1	0	0	1	1	0	1	1	1	0	0	0	1	1	1	1	1	0	0	0	0	0	2.389864	1.4353149375	1.07461958883035	0.360695348669646
"Schaffhausen_random_19_16"	1	1	1	1	0	0	0	1	1	0	0	1	0	0	1	1	1	0	0	0	1	1	1	1	1	0	0	0	0	0	2.513257	1.57174306666667	1.15692431332475	0.414818753341919
"Schaffhausen_random_19_17"	1	1	1	1	0	0	0	1	1	0	0	1	0	0	1	0	1	0	0	0	1	1	1	1	1	0	0	0	0	0	2.415645	1.53324292857143	1.17078118155895	0.362461747012474
"Schaffhausen_random_19_18"	1	1	1	1	0	0	0	1	1	0	0	1	0	0	1	0	1	0	0	0	0	1	1	1	1	0	0	0	0	0	2.43541	1.51556838461538	1.18592744024979	0.329640944365595
"Schaffhausen_random_20_12"	1	1	1	1	1	0	1	1	0	1	1	1	0	1	1	0	0	1	1	0	0	0	1	0	1	0	1	1	1	0	2.090733	1.00902221052632	0.670071721594811	0.338950488931504
"Schaffhausen_random_20_13"	1	1	1	1	1	0	1	1	0	1	0	1	0	1	1	0	0	1	1	0	0	0	1	0	1	0	1	1	1	0	2.11224	0.987004388888889	0.591273961949682	0.395730426939207
"Schaffhausen_random_20_14"	1	1	1	0	1	0	1	1	0	1	0	1	0	1	1	0	0	1	1	0	0	0	1	0	1	0	1	1	1	0	2.083876	0.923855235294118	0.59413822455686	0.329717010737257
"Schaffhausen_random_20_15"	0	1	1	0	1	0	1	1	0	1	0	1	0	1	1	0	0	1	1	0	0	0	1	0	1	0	1	1	1	0	2.07922	0.847149625	0.540243951437263	0.306905673562737
"Schaffhausen_random_20_16"	0	1	1	0	0	0	1	1	0	1	0	1	0	1	1	0	0	1	1	0	0	0	1	0	1	0	1	1	1	0	2.061779	0.7997304	0.475925201033567	0.323805198966433
"Schaffhausen_random_20_17"	0	1	0	0	0	0	1	1	0	1	0	1	0	1	1	0	0	1	1	0	0	0	1	0	1	0	1	1	1	0	2.083392	0.785732714285714	0.436659041116476	0.349073673169239
"Schaffhausen_random_20_18"	0	0	0	0	0	0	1	1	0	1	0	1	0	1	1	0	0	1	1	0	0	0	1	0	1	0	1	1	1	0	2.068122	0.779399076923077	0.423824352619212	0.355574724303864
"Schaffhausen_random_21_12"	1	0	1	1	0	1	0	0	0	1	0	1	1	1	1	0	1	1	1	1	0	0	1	1	0	0	1	1	1	1	1.43828	0.437453105263158	0.180005401794271	0.257447703468887
"Schaffhausen_random_21_13"	1	0	1	1	0	1	0	0	0	1	0	1	1	1	1	0	1	0	1	1	0	0	1	1	0	0	1	1	1	1	1.404479	0.465996888888889	0.243580199195829	0.22241668969306
"Schaffhausen_random_21_14"	1	0	1	1	0	0	0	0	0	1	0	1	1	1	1	0	1	0	1	1	0	0	1	1	0	0	1	1	1	1	1.454601	0.579875176470588	0.344639858040064	0.235235318430525
"Schaffhausen_random_21_15"	1	0	1	1	0	0	0	0	0	1	0	1	1	1	0	0	1	0	1	1	0	0	1	1	0	0	1	1	1	1	1.430336	0.5160199375	0.30249941505721	0.21352052244279
"Schaffhausen_random_21_16"	1	0	1	1	0	0	0	0	0	1	0	1	0	1	0	0	1	0	1	1	0	0	1	1	0	0	1	1	1	1	1.365264	0.466665266666667	0.307941639708516	0.158723626958151
"Schaffhausen_random_21_17"	1	0	1	0	0	0	0	0	0	1	0	1	0	1	0	0	1	0	1	1	0	0	1	1	0	0	1	1	1	1	1.349479	0.4248295	0.317561586882011	0.107267913117989
"Schaffhausen_random_21_18"	1	0	1	0	0	0	0	0	0	1	0	1	0	0	0	0	1	0	1	1	0	0	1	1	0	0	1	1	1	1	1.387841	0.456265384615385	0.337360198031829	0.118905186583555
"Schaffhausen_random_22_12"	1	1	1	1	1	1	0	1	1	1	0	1	0	1	1	1	1	1	1	0	1	0	1	0	0	0	1	0	0	0	1.48415	0.502370052631579	0.237640798086644	0.264729254544935
"Schaffhausen_random_22_13"	1	1	1	1	1	1	0	1	1	1	0	0	0	1	1	1	1	1	1	0	1	0	1	0	0	0	1	0	0	0	1.45479	0.445957111111111	0.18013051435708	0.265826596754032
"Schaffhausen_random_22_14"	1	1	1	1	1	1	0	1	1	1	0	0	0	1	1	1	1	1	0	0	1	0	1	0	0	0	1	0	0	0	1.436499	0.426912117647059	0.199461715261962	0.227450402385097
"Schaffhausen_random_22_15"	1	1	1	1	1	1	0	0	1	1	0	0	0	1	1	1	1	1	0	0	1	0	1	0	0	0	1	0	0	0	1.311213	0.3374616875	0.114863807427933	0.222597880072067
"Schaffhausen_random_22_16"	1	1	0	1	1	1	0	0	1	1	0	0	0	1	1	1	1	1	0	0	1	0	1	0	0	0	1	0	0	0	1.298279	0.310510866666667	0.0981214960318979	0.212389370634769
"Schaffhausen_random_22_17"	1	1	0	1	1	0	0	0	1	1	0	0	0	1	1	1	1	1	0	0	1	0	1	0	0	0	1	0	0	0	1.303788	0.389917785714286	0.186806106034709	0.203111679679577
"Schaffhausen_random_22_18"	1	1	0	1	1	0	0	0	1	0	0	0	0	1	1	1	1	1	0	0	1	0	1	0	0	0	1	0	0	0	1.293394	0.420764153846154	0.234405988425323	0.186358165420831
"Schaffhausen_random_23_12"	1	1	0	1	1	1	1	0	1	1	0	1	0	1	0	0	1	0	1	1	1	0	1	1	0	1	1	0	0	1	1.413989	0.456596578947368	0.21344108095703	0.243155497990338
"Schaffhausen_random_23_13"	1	1	0	1	1	1	0	0	1	1	0	1	0	1	0	0	1	0	1	1	1	0	1	1	0	1	1	0	0	1	1.439807	0.540670388888889	0.292289172578314	0.248381216310575
"Schaffhausen_random_23_14"	1	1	0	1	1	1	0	0	1	1	0	1	0	1	0	0	1	0	1	1	1	0	1	1	0	0	1	0	0	1	1.448707	0.534605588235294	0.280142276612965	0.254463311622329
"Schaffhausen_random_23_15"	1	1	0	1	1	1	0	0	1	0	0	1	0	1	0	0	1	0	1	1	1	0	1	1	0	0	1	0	0	1	1.419301	0.5386929375	0.313967692328681	0.224725245171319
"Schaffhausen_random_23_16"	1	1	0	1	1	1	0	0	1	0	0	1	0	1	0	0	0	0	1	1	1	0	1	1	0	0	1	0	0	1	1.428321	0.532633533333333	0.312959517099024	0.219674016234309
"Schaffhausen_random_23_17"	1	1	0	1	1	1	0	0	0	0	0	1	0	1	0	0	0	0	1	1	1	0	1	1	0	0	1	0	0	1	1.307772	0.447405285714286	0.297764004816349	0.149641280897937
"Schaffhausen_random_23_18"	1	1	0	1	1	1	0	0	0	0	0	1	0	1	0	0	0	0	1	1	1	0	1	0	0	0	1	0	0	1	1.334717	0.440989846153846	0.265844014743372	0.175145831410474
"Schaffhausen_random_24_12"	0	1	0	1	1	1	1	0	1	0	0	1	1	0	1	0	0	1	0	1	1	1	1	1	0	1	1	1	1	0	1.626755	0.534504842105263	0.171556618593827	0.362948223511436
"Schaffhausen_random_24_13"	0	1	0	1	1	1	1	0	1	0	0	1	1	0	1	0	0	1	0	1	1	1	1	1	0	0	1	1	1	0	1.570569	0.453456888888889	0.144052326588675	0.309404562300214
"Schaffhausen_random_24_14"	0	1	0	1	1	1	1	0	1	0	0	1	1	0	1	0	0	1	0	0	1	1	1	1	0	0	1	1	1	0	1.55988	0.434974058823529	0.100788015345119	0.334186043478411
"Schaffhausen_random_24_15"	0	1	0	1	1	1	1	0	1	0	0	0	1	0	1	0	0	1	0	0	1	1	1	1	0	0	1	1	1	0	1.560882	0.396596125	0.0528367364605436	0.343759388539456
"Schaffhausen_random_24_16"	0	1	0	1	1	1	1	0	1	0	0	0	1	0	1	0	0	0	0	0	1	1	1	1	0	0	1	1	1	0	1.577061	0.4766916	0.155611386116068	0.321080213883932
"Schaffhausen_random_24_17"	0	1	0	1	1	1	0	0	1	0	0	0	1	0	1	0	0	0	0	0	1	1	1	1	0	0	1	1	1	0	1.548539	0.512857285714286	0.236973195773276	0.27588408994101
"Schaffhausen_random_24_18"	0	1	0	1	1	1	0	0	0	0	0	0	1	0	1	0	0	0	0	0	1	1	1	1	0	0	1	1	1	0	1.610089	0.601676230769231	0.347514310062493	0.254161920706738
"Schaffhausen_random_25_12"	0	0	0	1	0	0	1	1	1	0	1	1	1	1	1	1	1	0	1	1	0	1	1	0	1	0	0	1	1	1	2.46216	1.27689631578947	0.73144761998572	0.545448695803754
"Schaffhausen_random_25_13"	0	0	0	1	0	0	1	1	1	0	0	1	1	1	1	1	1	0	1	1	0	1	1	0	1	0	0	1	1	1	2.44877	1.21422855555556	0.728909029987624	0.485319525567932
"Schaffhausen_random_25_14"	0	0	0	1	0	0	1	1	1	0	0	1	1	1	1	1	1	0	1	1	0	1	1	0	0	0	0	1	1	1	1.816818	0.665299705882353	0.270854781077785	0.394444924804568
"Schaffhausen_random_25_15"	0	0	0	1	0	0	1	1	1	0	0	1	1	1	0	1	1	0	1	1	0	1	1	0	0	0	0	1	1	1	1.886642	0.6782339375	0.23035449174016	0.44787944575984
"Schaffhausen_random_25_16"	0	0	0	1	0	0	1	1	1	0	0	0	1	1	0	1	1	0	1	1	0	1	1	0	0	0	0	1	1	1	1.84112	0.585139866666667	0.168389217419272	0.416750649247394
"Schaffhausen_random_25_17"	0	0	0	1	0	0	1	1	0	0	0	0	1	1	0	1	1	0	1	1	0	1	1	0	0	0	0	1	1	1	1.820847	0.574452428571429	0.190556458446025	0.383895970125404
"Schaffhausen_random_25_18"	0	0	0	1	0	0	1	1	0	0	0	0	1	1	0	0	1	0	1	1	0	1	1	0	0	0	0	1	1	1	1.830037	0.623849	0.240482084820674	0.383366915179326
"Schaffhausen_random_26_12"	1	1	1	0	1	1	1	1	1	1	0	0	1	0	1	1	1	1	0	0	0	0	0	1	1	0	1	1	1	0	2.211599	0.907973315789474	0.496153432039974	0.4118198837495
"Schaffhausen_random_26_13"	1	0	1	0	1	1	1	1	1	1	0	0	1	0	1	1	1	1	0	0	0	0	0	1	1	0	1	1	1	0	2.149128	0.851624888888889	0.447206344871973	0.404418544016916
"Schaffhausen_random_26_14"	1	0	1	0	1	1	1	1	1	1	0	0	1	0	1	1	1	1	0	0	0	0	0	1	1	0	1	0	1	0	2.145246	0.846516	0.490989191109935	0.355526808890065
"Schaffhausen_random_26_15"	1	0	1	0	1	1	1	1	1	1	0	0	0	0	1	1	1	1	0	0	0	0	0	1	1	0	1	0	1	0	2.156402	0.848381125	0.500106999397779	0.348274125602221
"Schaffhausen_random_26_16"	1	0	1	0	1	1	0	1	1	1	0	0	0	0	1	1	1	1	0	0	0	0	0	1	1	0	1	0	1	0	2.175328	0.913838866666667	0.578338625557295	0.335500241109372
"Schaffhausen_random_26_17"	1	0	1	0	1	1	0	1	1	1	0	0	0	0	1	1	1	1	0	0	0	0	0	1	1	0	1	0	0	0	2.117134	0.901506071428572	0.586307313904397	0.315198757524174
"Schaffhausen_random_26_18"	1	0	0	0	1	1	0	1	1	1	0	0	0	0	1	1	1	1	0	0	0	0	0	1	1	0	1	0	0	0	2.14378	0.893372923076923	0.547078851636459	0.346294071440465
"Schaffhausen_random_27_12"	0	0	1	0	0	0	1	1	0	0	1	1	0	1	0	1	1	1	0	1	0	1	1	1	1	1	1	1	1	1	2.213278	0.985578473684211	0.631240347996109	0.354338125688101
"Schaffhausen_random_27_13"	0	0	1	0	0	0	1	1	0	0	1	1	0	1	0	1	1	1	0	1	0	1	0	1	1	1	1	1	1	1	2.191079	0.897328611111111	0.556046830887364	0.341281780223747
"Schaffhausen_random_27_14"	0	0	1	0	0	0	1	1	0	0	1	1	0	1	0	1	1	1	0	1	0	1	0	1	1	1	1	0	1	1	2.262275	0.967518470588235	0.552894582163518	0.414623888424717
"Schaffhausen_random_27_15"	0	0	1	0	0	0	1	1	0	0	0	1	0	1	0	1	1	1	0	1	0	1	0	1	1	1	1	0	1	1	2.148935	0.7918976875	0.483517799070958	0.308379888429042
"Schaffhausen_random_27_16"	0	0	1	0	0	0	1	1	0	0	0	1	0	1	0	1	1	1	0	1	0	1	0	1	1	1	1	0	1	0	2.154413	0.837203666666667	0.505861461485531	0.331342205181135
"Schaffhausen_random_27_17"	0	0	1	0	0	0	1	1	0	0	0	0	0	1	0	1	1	1	0	1	0	1	0	1	1	1	1	0	1	0	2.192104	0.816153071428572	0.449630854246479	0.366522217182092
"Schaffhausen_random_27_18"	0	0	1	0	0	0	0	1	0	0	0	0	0	1	0	1	1	1	0	1	0	1	0	1	1	1	1	0	1	0	2.173002	0.845516153846154	0.516631765225061	0.328884388621093
"Schaffhausen_random_28_12"	0	1	1	0	1	1	0	0	0	1	0	1	0	0	1	0	1	1	1	1	1	1	1	1	1	1	1	1	0	0	2.214902	1.14758994736842	0.820462258285274	0.327127689083147
"Schaffhausen_random_28_13"	0	1	1	0	1	1	0	0	0	1	0	1	0	0	1	0	1	1	1	1	1	0	1	1	1	1	1	1	0	0	1.97585	0.947267	0.697403486277793	0.249863513722207
"Schaffhausen_random_28_14"	0	1	1	0	1	1	0	0	0	1	0	0	0	0	1	0	1	1	1	1	1	0	1	1	1	1	1	1	0	0	2.055818	0.995837588235294	0.682082074617468	0.313755513617825
"Schaffhausen_random_28_15"	0	1	1	0	1	1	0	0	0	1	0	0	0	0	1	0	1	1	1	0	1	0	1	1	1	1	1	1	0	0	1.965257	0.900566375	0.633245438170734	0.267320936829266
"Schaffhausen_random_28_16"	0	1	1	0	1	1	0	0	0	1	0	0	0	0	1	0	1	1	0	0	1	0	1	1	1	1	1	1	0	0	2.015762	0.946493	0.678496284878252	0.267996715121748
"Schaffhausen_random_28_17"	0	0	1	0	1	1	0	0	0	1	0	0	0	0	1	0	1	1	0	0	1	0	1	1	1	1	1	1	0	0	1.985463	0.940805642857143	0.680726266648044	0.260079376209099
"Schaffhausen_random_28_18"	0	0	1	0	1	1	0	0	0	0	0	0	0	0	1	0	1	1	0	0	1	0	1	1	1	1	1	1	0	0	1.946427	0.932949461538461	0.697445003249851	0.235504458288611
"Schaffhausen_random_29_12"	1	0	0	1	1	1	1	0	0	1	0	1	0	1	1	0	1	1	0	0	0	1	1	1	1	1	0	1	1	1	2.584236	1.43659226315789	0.953483987332454	0.483108275825441
"Schaffhausen_random_29_13"	1	0	0	1	1	1	1	0	0	1	0	1	0	1	1	0	1	1	0	0	0	1	1	1	1	0	0	1	1	1	2.583525	1.40794188888889	0.944730331603251	0.463211557285638
"Schaffhausen_random_29_14"	1	0	0	1	1	1	1	0	0	0	0	1	0	1	1	0	1	1	0	0	0	1	1	1	1	0	0	1	1	1	2.652864	1.49342276470588	0.966179405471347	0.527243359234535
"Schaffhausen_random_29_15"	1	0	0	1	1	1	1	0	0	0	0	1	0	1	0	0	1	1	0	0	0	1	1	1	1	0	0	1	1	1	2.617732	1.4009058125	0.932882749027924	0.468023063472076
"Schaffhausen_random_29_16"	1	0	0	1	1	1	1	0	0	0	0	1	0	1	0	0	1	1	0	0	0	0	1	1	1	0	0	1	1	1	2.660506	1.48018706666667	0.968202621786894	0.511984444879772
"Schaffhausen_random_29_17"	0	0	0	1	1	1	1	0	0	0	0	1	0	1	0	0	1	1	0	0	0	0	1	1	1	0	0	1	1	1	2.57585	1.31173878571429	0.771640411306788	0.540098374407498
"Schaffhausen_random_29_18"	0	0	0	1	1	1	1	0	0	0	0	1	0	1	0	0	1	1	0	0	0	0	1	1	1	0	0	0	1	1	2.689203	1.426056	0.876146546686578	0.549909453313422
"Schaffhausen_random_30_12"	1	1	1	1	0	0	1	0	0	0	1	0	0	1	0	1	1	1	1	1	1	0	1	1	1	0	1	1	1	0	1.979445	0.914627578947368	0.626957887237678	0.287669691709691
"Schaffhausen_random_30_13"	1	1	1	1	0	0	1	0	0	0	1	0	0	1	0	1	0	1	1	1	1	0	1	1	1	0	1	1	1	0	1.983355	0.895737555555556	0.583477292632254	0.312260262923302
"Schaffhausen_random_30_14"	1	1	1	1	0	0	1	0	0	0	1	0	0	1	0	1	0	1	1	1	1	0	1	1	1	0	1	0	1	0	2.019816	0.943317882352941	0.593115314844279	0.350202567508662
"Schaffhausen_random_30_15"	1	1	1	1	0	0	1	0	0	0	1	0	0	0	0	1	0	1	1	1	1	0	1	1	1	0	1	0	1	0	1.969865	0.878248875	0.560165902312288	0.318082972687712
"Schaffhausen_random_30_16"	1	1	1	1	0	0	1	0	0	0	1	0	0	0	0	1	0	1	1	1	0	0	1	1	1	0	1	0	1	0	2.004552	0.866540666666667	0.545660854426938	0.320879812239729
"Schaffhausen_random_30_17"	1	1	1	1	0	0	0	0	0	0	1	0	0	0	0	1	0	1	1	1	0	0	1	1	1	0	1	0	1	0	2.004596	0.928583642857143	0.648457923672159	0.280125719184984
"Schaffhausen_random_30_18"	1	1	1	1	0	0	0	0	0	0	1	0	0	0	0	1	0	1	1	1	0	0	1	1	1	0	0	0	1	0	2.56706	1.49749069230769	0.960724875302497	0.536765817005195
