"assemblage"	"AVir"	"PMon"	"TBac"	"AAlb"	"PCem"	"LDec"	"BPen"	"QRob"	"PAbi"	"PSyl"	"PNig"	"AInc"	"UGla"	"TPla"	"AGlu"	"QPub"	"SAri"	"PTre"	"APla"	"TCor"	"SAlb"	"QPet"	"CAve"	"SAuc"	"FSyl"	"ACam"	"CSat"	"APse"	"FExc"	"CBet"	"productivity"	"DeltaY"	"Selection"	"Complementarity"
"GrandeDixence_increasing_16"	1	1	0	1	1	1	1	0	1	1	0	1	0	0	0	0	0	0	0	0	0	0	0	0	0	0	0	0	0	0	1.195819	1.49394377777778	0.0980617311680609	1.39588204660972
"GrandeDixence_decreasing_16"	0	0	0	0	0	0	0	0	0	0	0	0	0	0	0	0	0	1	0	0	0	0	0	1	0	0	0	0	0	0	0.01487	0.1043165	-0.00437213450280814	0.108688634502808
"GrandeDixence_random_1_16"	0	0	0	1	0	0	0	0	1	0	0	1	0	0	0	0	0	1	0	0	0	0	0	0	0	0	0	0	0	0	0.656915	2.299607	0.720215744456217	1.57939125554378
"GrandeDixence_random_2_16"	1	0	0	1	0	1	0	0	1	0	0	0	0	0	0	0	0	0	0	0	0	0	0	0	0	0	0	0	0	0	1.089047	3.524752	0.754774219501053	2.76997778049895
"GrandeDixence_random_3_16"	0	1	0	1	1	1	0	0	0	0	0	1	0	0	0	0	0	0	0	0	0	0	0	1	0	0	0	0	0	0	1.444348	2.98747016666667	0.328483684023787	2.65898648264288
"GrandeDixence_random_4_16"	1	1	0	0	1	0	1	0	1	0	0	1	0	0	0	0	0	0	0	0	0	0	0	1	0	0	0	0	0	0	1.200605	2.14078528571429	1.31919915836682	0.821586127347462
"GrandeDixence_random_5_16"	0	0	0	1	1	1	1	0	0	0	0	1	0	0	0	0	0	1	0	0	0	0	0	1	0	0	0	0	0	0	1.449722	2.70035614285714	1.23246373160329	1.46789241125385
"GrandeDixence_random_6_16"	0	1	0	1	1	0	1	0	1	0	0	0	0	0	0	0	0	0	0	0	0	0	0	1	0	0	0	0	0	0	1.190249	2.48988666666667	0.562418517424345	1.92746814924232
"GrandeDixence_random_7_16"	1	0	0	1	0	0	0	0	1	1	0	0	0	0	0	0	0	1	0	0	0	0	0	0	0	0	0	0	0	0	0.655031	1.812421	0.517436027944663	1.29498497205534
"GrandeDixence_random_8_16"	1	1	0	1	1	0	0	0	0	1	0	1	0	0	0	0	0	1	0	0	0	0	0	0	0	0	0	0	0	0	1.343958	2.54251485714286	1.16382017060753	1.37869468653533
"GrandeDixence_random_9_16"	1	1	0	0	0	1	1	0	0	0	0	0	0	0	0	0	0	0	0	0	0	0	0	0	0	0	0	0	0	0	1.474564	4.907323	2.51519973340587	2.39212326659413
"GrandeDixence_random_10_16"	1	1	0	1	1	1	0	0	0	0	0	0	0	0	0	0	0	1	0	0	0	0	0	0	0	0	0	0	0	0	1.460105	3.01109716666667	0.796321514736116	2.21477565193055
"GrandeDixence_random_11_16"	1	1	0	0	0	0	1	0	0	1	0	0	0	0	0	0	0	1	0	0	0	0	0	1	0	0	0	0	0	0	0.878786	2.02556583333333	0.40876286741344	1.61680296591989
"GrandeDixence_random_12_16"	1	0	0	0	1	1	1	0	0	1	0	1	0	0	0	0	0	1	0	0	0	0	0	0	0	0	0	0	0	0	1.531776	2.86227271428571	2.00753759958309	0.854735114702627
"GrandeDixence_random_13_16"	1	1	0	0	1	1	0	0	0	1	0	1	0	0	0	0	0	1	0	0	0	0	0	1	0	0	0	0	0	0	1.441039	2.220421875	1.32020957615481	0.900212298845187
"GrandeDixence_random_14_16"	0	1	0	1	0	1	0	0	1	1	0	1	0	0	0	0	0	0	0	0	0	0	0	0	0	0	0	0	0	0	1.083736	2.20340916666667	-0.28277838542931	2.48618755209598
"GrandeDixence_random_15_16"	0	1	0	1	1	1	0	0	0	0	0	1	0	0	0	0	0	1	0	0	0	0	0	0	0	0	0	0	0	0	1.429777	2.95282783333333	-0.329789349055535	3.28261718238887
"GrandeDixence_random_16_16"	0	1	0	1	1	0	1	0	0	1	0	0	0	0	0	0	0	0	0	0	0	0	0	0	0	0	0	0	0	0	1.360879	3.6319972	2.09351532985693	1.53848187014307
"GrandeDixence_random_17_16"	1	0	0	0	1	1	0	0	1	1	0	1	0	0	0	0	0	0	0	0	0	0	0	1	0	0	0	0	0	0	1.232386	2.12649357142857	1.19606755922265	0.930426012205924
"GrandeDixence_random_18_16"	0	0	0	1	1	0	1	0	0	0	0	0	0	0	0	0	0	0	0	0	0	0	0	1	0	0	0	0	0	0	1.325825	4.631451	1.79121910285973	2.84023189714027
"GrandeDixence_random_19_16"	1	1	0	1	0	0	0	0	1	0	0	1	0	0	0	0	0	0	0	0	0	0	0	1	0	0	0	0	0	0	0.704221	1.48143433333333	-0.0546438538465053	1.53607818717984
"GrandeDixence_random_20_16"	0	1	0	0	0	0	1	0	0	1	0	1	0	0	0	0	0	1	0	0	0	0	0	0	0	0	0	0	0	0	0.908861	2.5444776	0.529719508775736	2.01475809122426
"GrandeDixence_random_21_16"	1	0	0	1	0	0	0	0	0	1	0	1	0	0	0	0	0	0	0	0	0	0	0	1	0	0	0	0	0	0	0.125285	0.3509302	0.00764505663249539	0.343285143367505
"GrandeDixence_random_22_16"	1	1	0	1	1	1	0	0	1	1	0	0	0	0	0	0	0	1	0	0	0	0	0	0	0	0	0	0	0	0	1.234104	1.75279975	-0.714248684251448	2.46704843425145
"GrandeDixence_random_23_16"	1	1	0	1	1	1	0	0	1	0	0	1	0	0	0	0	0	0	0	0	0	0	0	1	0	0	0	0	0	0	1.204785	1.696587125	0.301772548714136	1.39481457628586
"GrandeDixence_random_24_16"	0	1	0	1	1	1	1	0	1	0	0	0	0	0	0	0	0	0	0	0	0	0	0	1	0	0	0	0	0	0	1.222235	1.99159442857143	-1.14876867025736	3.14036309882879
"GrandeDixence_random_25_16"	0	0	0	1	0	0	1	0	1	0	0	0	0	0	0	0	0	0	0	0	0	0	0	0	0	0	0	0	0	0	0.643408	2.99904066666667	1.06643343778156	1.93260722888511
"GrandeDixence_random_26_16"	1	0	0	0	1	1	0	0	1	1	0	0	0	0	0	0	0	1	0	0	0	0	0	1	0	0	0	0	0	0	1.221151	2.10243442857143	1.17137516196429	0.931059266607134
"GrandeDixence_random_27_16"	0	0	0	0	0	0	1	0	0	0	0	1	0	0	0	0	0	1	0	0	0	0	0	1	0	0	0	0	0	0	0.02	0.07027525	-0.00569035334458363	0.0759656033445836
"GrandeDixence_random_28_16"	0	1	0	0	1	1	0	0	0	1	0	0	0	0	0	0	0	1	0	0	0	0	0	1	0	0	0	0	0	0	1.457233	3.01925283333333	1.55892115469738	1.46033167863595
"GrandeDixence_random_29_16"	1	0	0	1	1	1	1	0	0	0	0	1	0	0	0	0	0	1	0	0	0	0	0	1	0	0	0	0	0	0	1.470586	2.388523125	1.11978779959234	1.26873532540766
"GrandeDixence_random_30_16"	1	1	0	1	0	0	1	0	0	0	0	0	0	0	0	0	0	1	0	0	0	0	0	1	0	0	0	0	0	0	0.870601	2.00555166666667	-0.0927460326914868	2.09829769935815
