"assemblage"	"AVir"	"PMon"	"TBac"	"AAlb"	"PCem"	"LDec"	"BPen"	"QRob"	"PAbi"	"PSyl"	"PNig"	"AInc"	"UGla"	"TPla"	"AGlu"	"QPub"	"SAri"	"PTre"	"APla"	"TCor"	"SAlb"	"QPet"	"CAve"	"SAuc"	"FSyl"	"ACam"	"CSat"	"APse"	"FExc"	"CBet"	"productivity"	"DeltaY"	"Selection"	"Complementarity"
"Adelboden_increasing_12"	1	1	1	1	1	1	1	1	1	1	1	1	1	1	1	1	1	1	1	0	0	0	0	0	0	0	0	0	0	0	2.012159	0.587541105263158	-0.743511360730031	1.33105246599319
"Adelboden_decreasing_12"	0	0	0	0	0	0	0	0	0	0	0	1	1	1	1	1	1	1	1	1	1	1	1	1	1	1	1	1	1	1	2.690859	1.58281373684211	-0.0236043365412766	1.60641807338338
"Adelboden_random_1_12"	1	0	1	1	1	0	0	1	1	0	1	1	1	1	0	0	1	1	1	1	0	1	0	0	1	0	0	1	1	1	2.350637	1.05621105263158	-0.160621619053132	1.21683267168471
"Adelboden_random_2_12"	1	0	1	1	0	1	1	0	1	0	0	0	1	0	0	1	1	0	1	1	0	1	0	1	1	1	1	1	1	1	2.193881	1.10977736842105	0.454965677462156	0.654811690958897
"Adelboden_random_3_12"	0	1	0	1	1	1	0	0	0	0	1	1	1	1	0	1	0	1	0	0	1	1	1	1	1	1	0	1	1	1	2.897143	1.46951715789474	-0.249098011797812	1.71861516969255
"Adelboden_random_4_12"	1	1	0	0	1	0	1	1	1	1	1	1	0	1	1	0	1	0	0	1	1	0	1	1	0	0	0	1	1	1	2.033777	0.702060315789474	-0.351905833337562	1.05396614912704
"Adelboden_random_5_12"	0	1	0	1	1	1	1	1	0	0	0	1	1	1	1	1	0	1	1	0	1	0	1	1	0	0	1	1	0	1	2.158755	0.877570315789474	-2.18500533885384	3.06257565464332
"Adelboden_random_6_12"	0	1	1	1	1	0	1	1	1	1	1	0	1	1	0	0	1	0	1	0	0	1	1	1	0	0	1	1	0	1	1.966882	0.875203578947368	0.0466924404946779	0.82851113845269
"Adelboden_random_7_12"	1	1	0	1	0	0	1	1	1	1	0	0	0	1	1	0	1	1	0	0	1	0	1	1	1	1	1	0	1	1	2.216661	1.03059584210526	-0.135719444826748	1.16631528693201
"Adelboden_random_8_12"	1	1	0	1	1	1	0	1	1	1	1	1	0	0	1	0	1	1	0	1	1	0	0	0	0	1	1	0	1	1	2.006589	0.591551842105263	0.184648766758859	0.406903075346404
"Adelboden_random_9_12"	1	1	0	0	0	1	1	1	0	0	1	0	1	1	1	1	1	0	0	0	1	1	1	1	1	1	1	0	1	0	3.055333	1.81388778947368	0.0506151043096182	1.76327268516407
"Adelboden_random_10_12"	1	1	0	1	1	1	0	0	0	0	1	0	1	1	1	1	1	1	0	1	1	0	1	1	1	1	0	0	0	1	3.226224	2.08386731578947	0.226185911901789	1.85768140388768
"Adelboden_random_11_12"	1	1	0	0	0	0	1	0	0	1	0	1	1	0	1	1	1	1	0	1	0	1	1	1	1	1	1	1	1	0	2.606667	1.38425721052632	0.312226246034944	1.07203096449137
"Adelboden_random_12_12"	1	0	1	0	1	1	1	0	0	1	1	1	1	1	1	1	0	1	1	0	0	0	1	0	1	0	1	1	1	0	2.994217	1.59544373684211	-0.606595859330454	2.20203959617256
"Adelboden_random_13_12"	1	1	1	0	1	1	0	0	0	1	0	1	1	1	0	1	0	1	1	1	0	0	1	1	0	0	1	1	1	1	2.038054	0.986425631578947	-1.6985993338304	2.68502496540935
"Adelboden_random_14_12"	0	1	1	1	1	1	1	1	1	1	1	1	1	1	0	0	0	1	0	1	1	1	1	0	0	0	1	0	0	0	1.997018	0.651649210526316	-0.696121501445895	1.34777071197221
"Adelboden_random_15_12"	1	1	1	1	1	1	1	1	0	0	0	1	1	0	1	1	1	1	1	0	0	1	1	0	0	1	0	0	0	1	2.317649	1.02486842105263	0.307009567811611	0.717858853241021
"Adelboden_random_16_12"	0	1	0	1	1	0	1	1	0	1	0	1	1	0	1	0	0	0	1	1	1	1	1	0	1	0	1	1	1	1	2.737034	1.38947978947368	0.107724033213737	1.28175575625995
"Adelboden_random_17_12"	1	0	1	1	1	1	0	0	1	1	1	1	0	0	0	0	1	0	0	0	1	1	1	1	0	1	1	1	1	1	2.057424	0.824163	0.480796286736799	0.343366713263201
"Adelboden_random_18_12"	0	0	1	1	1	0	1	1	0	1	1	0	1	1	1	1	1	0	0	0	0	1	1	1	1	1	1	0	1	0	2.89482	1.70196115789474	0.180465456872913	1.52149570102182
"Adelboden_random_19_12"	1	1	1	1	0	0	0	1	1	0	1	1	1	1	1	1	1	1	0	0	1	1	1	1	1	0	0	0	0	0	2.318595	1.00426321052632	0.0403433054262078	0.963919905100108
"Adelboden_random_20_12"	1	1	1	1	1	0	1	1	0	1	1	1	0	1	1	0	0	1	1	0	0	0	1	0	1	0	1	1	1	0	2.969432	1.58068984210526	-0.510433399299467	2.09112324140473
"Adelboden_random_21_12"	1	0	1	1	0	1	0	0	0	1	0	1	1	1	1	0	1	1	1	1	0	0	1	1	0	0	1	1	1	1	2.223567	1.20298689473684	-0.967093149885743	2.17008004462258
"Adelboden_random_22_12"	1	1	1	1	1	1	0	1	1	1	0	1	0	1	1	1	1	1	1	0	1	0	1	0	0	0	1	0	0	0	1.825368	0.642621	-0.361516871085153	1.00413787108515
"Adelboden_random_23_12"	1	1	0	1	1	1	1	0	1	1	0	1	0	1	0	0	1	0	1	1	1	0	1	1	0	1	1	0	0	1	1.860596	0.852694210526316	-0.193235054749404	1.04592926527572
"Adelboden_random_24_12"	0	1	0	1	1	1	1	0	1	0	0	1	1	0	1	0	0	1	0	1	1	1	1	1	0	1	1	1	1	0	1.838318	0.512010684210526	-0.00586620442935301	0.517876888639879
"Adelboden_random_25_12"	0	0	0	1	0	0	1	1	1	0	1	1	1	1	1	1	1	0	1	1	0	1	1	0	1	0	0	1	1	1	2.3406	0.927390736842105	-0.543673612241104	1.47106434908321
"Adelboden_random_26_12"	1	1	1	0	1	1	1	1	1	1	0	0	1	0	1	1	1	1	0	0	0	0	0	1	1	0	1	1	1	0	2.205985	0.853884368421053	0.470889893217013	0.38299447520404
"Adelboden_random_27_12"	0	0	1	0	0	0	1	1	0	0	1	1	0	1	0	1	1	1	0	1	0	1	1	1	1	1	1	1	1	1	2.860786	1.57492773684211	-0.413279141624689	1.98820687846679
"Adelboden_random_28_12"	0	1	1	0	1	1	0	0	0	1	0	1	0	0	1	0	1	1	1	1	1	1	1	1	1	1	1	1	0	0	2.72799	1.53933252631579	0.341559441367719	1.19777308494807
"Adelboden_random_29_12"	1	0	0	1	1	1	1	0	0	1	0	1	0	1	1	0	1	1	0	0	0	1	1	1	1	1	0	1	1	1	2.756191	1.38163815789474	-0.171636336085362	1.5532744939801
"Adelboden_random_30_12"	1	1	1	1	0	0	1	0	0	0	1	0	0	1	0	1	1	1	1	1	1	0	1	1	1	0	1	1	1	0	2.962077	1.88122252631579	-0.261103372554572	2.14232589887036
