"assemblage"	"AVir"	"PMon"	"TBac"	"AAlb"	"PCem"	"LDec"	"BPen"	"QRob"	"PAbi"	"PSyl"	"PNig"	"AInc"	"UGla"	"TPla"	"AGlu"	"QPub"	"SAri"	"PTre"	"APla"	"TCor"	"SAlb"	"QPet"	"CAve"	"SAuc"	"FSyl"	"ACam"	"CSat"	"APse"	"FExc"	"CBet"	"productivity"	"DeltaY"	"Selection"	"Complementarity"
"Bern_increasing_18"	1	1	1	1	1	1	1	1	1	1	1	1	1	0	0	0	0	0	0	0	0	0	0	0	0	0	0	0	0	0	1.943362	0.313660307692308	0.0457164385610361	0.267943869131272
"Bern_decreasing_18"	0	0	0	0	0	0	0	0	0	0	0	0	0	0	0	0	0	1	1	1	1	1	1	1	1	1	1	1	1	1	2.750245	0.955055230769231	0.375709638970622	0.579345591798609
"Bern_random_1_18"	0	0	0	1	0	0	0	1	1	0	1	1	0	0	0	0	1	1	1	1	0	1	0	0	0	0	0	1	1	1	2.180995	0.314106769230769	-0.153837998988021	0.46794476821879
"Bern_random_2_18"	0	0	0	1	0	1	0	0	1	0	0	0	1	0	0	1	0	0	1	1	0	1	0	0	0	1	1	1	1	1	2.005416	0.336217615384615	-0.0516498771407054	0.387867492525321
"Bern_random_3_18"	0	1	0	1	1	0	0	0	0	0	1	1	1	1	0	1	0	0	0	0	1	0	1	1	0	1	0	0	0	1	2.04587	0.366589	-0.322031323030102	0.688620323030102
"Bern_random_4_18"	1	1	0	0	1	0	0	1	1	0	0	1	0	1	1	0	0	0	0	1	0	0	0	1	0	0	0	1	1	1	2.005441	0.433372076923077	0.185666776384244	0.247705300538833
"Bern_random_5_18"	0	0	0	1	0	1	1	1	0	0	0	1	1	0	1	0	0	1	1	0	0	0	1	1	0	0	1	0	0	1	1.789415	0.103774538461538	-0.555549408088118	0.659323946549657
"Bern_random_6_18"	0	1	1	1	0	0	1	0	1	0	0	0	1	0	0	0	0	0	1	0	0	1	1	1	0	0	1	1	0	1	1.875029	0.487909615384615	0.245003949534107	0.242905665850508
"Bern_random_7_18"	1	0	0	1	0	0	0	1	1	1	0	0	0	1	1	0	1	1	0	0	1	0	0	0	1	0	0	0	1	1	2.618665	0.739440692307692	0.222677895142438	0.516762797165254
"Bern_random_8_18"	1	1	0	0	1	0	0	1	0	1	0	1	0	0	1	0	1	0	0	1	1	0	0	0	0	0	1	0	1	1	1.924708	0.129836384615385	-0.611232879335063	0.741069263950448
"Bern_random_9_18"	1	1	0	0	0	1	1	1	0	0	1	0	1	0	1	1	1	0	0	0	1	1	0	0	0	0	0	0	1	0	2.791693	0.758884538461538	0.135114028229013	0.623770510232526
"Bern_random_10_18"	1	1	0	0	1	1	0	0	0	0	1	0	1	1	0	0	0	1	0	1	0	0	1	0	1	1	0	0	0	1	3.062532	1.49431723076923	0.891070506895801	0.60324672387343
"Bern_random_11_18"	1	1	0	0	0	0	1	0	0	1	0	0	0	0	1	0	1	1	0	0	0	1	0	1	1	1	1	1	0	0	2.548337	0.968709307692308	0.536721895716734	0.431987411975574
"Bern_random_12_18"	1	0	0	0	1	1	1	0	0	1	1	1	1	0	1	0	0	1	1	0	0	0	0	0	0	0	0	1	1	0	2.50889	0.452852153846154	-0.200715455724206	0.65356760957036
"Bern_random_13_18"	1	1	1	0	1	1	0	0	0	0	0	1	1	1	0	0	0	1	1	1	0	0	0	1	0	0	1	0	0	0	1.3834	-0.00397507692307713	-0.18063516360892	0.176660086685843
"Bern_random_14_18"	0	0	1	1	0	1	0	1	1	1	1	0	1	1	0	0	0	0	0	0	1	1	1	0	0	0	1	0	0	0	1.987723	0.36918	0.00603129497602673	0.363148705023973
"Bern_random_15_18"	0	1	0	1	1	1	0	1	0	0	0	1	0	0	1	1	0	1	1	0	0	1	0	0	0	1	0	0	0	1	2.537953	0.743180692307692	-0.381673344739741	1.12485403704743
"Bern_random_16_18"	0	1	0	1	0	0	1	1	0	1	0	0	0	0	1	0	0	0	0	1	1	1	0	0	1	0	1	1	0	1	2.69731	0.765108615384615	-0.129052051987729	0.894160667372344
"Bern_random_17_18"	1	0	1	0	1	1	0	0	1	1	0	1	0	0	0	0	1	0	0	0	1	0	0	1	0	1	0	1	1	0	1.892485	0.237010538461539	0.169464117926472	0.0675464205350661
"Bern_random_18_18"	0	0	1	1	1	0	1	1	0	0	1	0	0	1	1	1	0	0	0	0	0	1	1	1	0	0	0	0	1	0	2.381506	0.788424384615384	0.0442072246991267	0.744217159916258
"Bern_random_19_18"	1	1	1	1	0	0	0	1	1	0	0	1	0	0	1	0	1	0	0	0	0	1	1	1	1	0	0	0	0	0	2.379211	1.01876784615385	0.693651591409166	0.32511625474468
"Bern_random_20_18"	0	0	0	0	0	0	1	1	0	1	0	1	0	1	1	0	0	1	1	0	0	0	1	0	1	0	1	1	1	0	2.561042	0.697536076923077	-0.151793428673726	0.849329505596803
"Bern_random_21_18"	1	0	1	0	0	0	0	0	0	1	0	1	0	0	0	0	1	0	1	1	0	0	1	1	0	0	1	1	1	1	1.715152	0.378924615384615	0.184642809192919	0.194281806191696
"Bern_random_22_18"	1	1	0	1	1	0	0	0	1	0	0	0	0	1	1	1	1	1	0	0	1	0	1	0	0	0	1	0	0	0	1.811931	0.312143153846153	0.0936406104287736	0.21850254341738
"Bern_random_23_18"	1	1	0	1	1	1	0	0	0	0	0	1	0	1	0	0	0	0	1	1	1	0	1	0	0	0	1	0	0	1	1.547144	-0.00914861538461553	-0.299078192816648	0.289929577432033
"Bern_random_24_18"	0	1	0	1	1	1	0	0	0	0	0	0	1	0	1	0	0	0	0	0	1	1	1	1	0	0	1	1	1	0	2.012008	0.254978153846154	-0.150255331257969	0.405233485104123
"Bern_random_25_18"	0	0	0	1	0	0	1	1	0	0	0	0	1	1	0	0	1	0	1	1	0	1	1	0	0	0	0	1	1	1	2.241994	0.790021846153846	-0.0766865569800227	0.866708403133869
"Bern_random_26_18"	1	0	0	0	1	1	0	1	1	1	0	0	0	0	1	1	1	1	0	0	0	0	0	1	1	0	1	0	0	0	2.396429	0.864368384615384	0.513987742771088	0.350380641844296
"Bern_random_27_18"	0	0	1	0	0	0	0	1	0	0	0	0	0	1	0	1	1	1	0	1	0	1	0	1	1	1	1	0	1	0	2.566154	1.09670846153846	0.43549575751237	0.661212704026091
"Bern_random_28_18"	0	0	1	0	1	1	0	0	0	0	0	0	0	0	1	0	1	1	0	0	1	0	1	1	1	1	1	1	0	0	2.377476	0.729472307692308	0.326381720634699	0.403090587057608
"Bern_random_29_18"	0	0	0	1	1	1	1	0	0	0	0	1	0	1	0	0	1	1	0	0	0	0	1	1	1	0	0	0	1	1	3.227916	1.40436	0.687637142768465	0.716722857231535
"Bern_random_30_18"	1	1	1	1	0	0	0	0	0	0	1	0	0	0	0	1	0	1	1	1	0	0	1	1	1	0	0	0	1	0	3.368386	1.84354915384615	1.19967266326584	0.643876490580317
