"assemblage"	"AVir"	"PMon"	"TBac"	"AAlb"	"PCem"	"LDec"	"BPen"	"QRob"	"PAbi"	"PSyl"	"PNig"	"AInc"	"UGla"	"TPla"	"AGlu"	"QPub"	"SAri"	"PTre"	"APla"	"TCor"	"SAlb"	"QPet"	"CAve"	"SAuc"	"FSyl"	"ACam"	"CSat"	"APse"	"FExc"	"CBet"	"productivity"	"DeltaY"	"Selection"	"Complementarity"
"Cottbus_increasing_12"	1	1	1	1	1	1	1	1	1	1	1	1	1	1	1	1	1	1	1	0	0	0	0	0	0	0	0	0	0	0	1.966465	1.51811463157895	0.223714708970372	1.29439992260858
"Cottbus_increasing_13"	1	1	1	1	1	1	1	1	1	1	1	1	1	1	1	1	1	1	0	0	0	0	0	0	0	0	0	0	0	0	1.938482	1.46803938888889	0.16336951749795	1.30466987139094
"Cottbus_increasing_14"	1	1	1	1	1	1	1	1	1	1	1	1	1	1	1	1	1	0	0	0	0	0	0	0	0	0	0	0	0	0	1.929518	1.462247	0.191915360068727	1.27033163993127
"Cottbus_increasing_15"	1	1	1	1	1	1	1	1	1	1	1	1	1	1	1	1	0	0	0	0	0	0	0	0	0	0	0	0	0	0	1.937693	1.458003375	0.232063653584158	1.22593972141584
"Cottbus_increasing_16"	1	1	1	1	1	1	1	1	1	1	1	1	1	1	1	0	0	0	0	0	0	0	0	0	0	0	0	0	0	0	1.907618	1.50471893333333	0.392841467318448	1.11187746601489
"Cottbus_increasing_17"	1	1	1	1	1	1	1	1	1	1	1	1	1	1	0	0	0	0	0	0	0	0	0	0	0	0	0	0	0	0	1.868253	1.43707514285714	0.505335370039426	0.931739772817717
"Cottbus_increasing_18"	1	1	1	1	1	1	1	1	1	1	1	1	1	0	0	0	0	0	0	0	0	0	0	0	0	0	0	0	0	0	1.826429	1.36501392307692	0.375904688009678	0.989109235067244
"Cottbus_decreasing_12"	0	0	0	0	0	0	0	0	0	0	0	1	1	1	1	1	1	1	1	1	1	1	1	1	1	1	1	1	1	1	1.628898	1.25622152631579	0.453071143191893	0.803150383123896
"Cottbus_decreasing_13"	0	0	0	0	0	0	0	0	0	0	0	0	1	1	1	1	1	1	1	1	1	1	1	1	1	1	1	1	1	1	1.636838	1.244133	0.379532801911775	0.864600198088225
"Cottbus_decreasing_14"	0	0	0	0	0	0	0	0	0	0	0	0	0	1	1	1	1	1	1	1	1	1	1	1	1	1	1	1	1	1	1.667425	1.25496123529412	0.393317246497447	0.861643988796671
"Cottbus_decreasing_15"	0	0	0	0	0	0	0	0	0	0	0	0	0	0	1	1	1	1	1	1	1	1	1	1	1	1	1	1	1	1	1.655978	1.220116125	0.360473566196023	0.859642558803978
"Cottbus_decreasing_16"	0	0	0	0	0	0	0	0	0	0	0	0	0	0	0	1	1	1	1	1	1	1	1	1	1	1	1	1	1	1	1.656806	1.19235306666667	0.432458333561065	0.759894733105602
"Cottbus_decreasing_17"	0	0	0	0	0	0	0	0	0	0	0	0	0	0	0	0	1	1	1	1	1	1	1	1	1	1	1	1	1	1	1.561677	1.180588	0.569313308029487	0.611274691970513
"Cottbus_decreasing_18"	0	0	0	0	0	0	0	0	0	0	0	0	0	0	0	0	0	1	1	1	1	1	1	1	1	1	1	1	1	1	1.56385	1.17410592307692	0.532654566222921	0.641451356854002
"Cottbus_random_1_12"	1	0	1	1	1	0	0	1	1	0	1	1	1	1	0	0	1	1	1	1	0	1	0	0	1	0	0	1	1	1	1.965879	1.66483815789474	0.781913789126814	0.882924368767923
"Cottbus_random_1_13"	1	0	1	1	0	0	0	1	1	0	1	1	1	1	0	0	1	1	1	1	0	1	0	0	1	0	0	1	1	1	1.963595	1.67384044444444	0.782380786286289	0.891459658158156
"Cottbus_random_1_14"	0	0	1	1	0	0	0	1	1	0	1	1	1	1	0	0	1	1	1	1	0	1	0	0	1	0	0	1	1	1	1.933816	1.62705805882353	0.693873869983931	0.933184188839598
"Cottbus_random_1_15"	0	0	0	1	0	0	0	1	1	0	1	1	1	1	0	0	1	1	1	1	0	1	0	0	1	0	0	1	1	1	1.941084	1.615861875	0.675443943932111	0.940417931067889
"Cottbus_random_1_16"	0	0	0	1	0	0	0	1	1	0	1	1	1	1	0	0	1	1	1	1	0	1	0	0	0	0	0	1	1	1	1.873765	1.5437224	0.664972048184831	0.878750351815169
"Cottbus_random_1_17"	0	0	0	1	0	0	0	1	1	0	1	1	0	1	0	0	1	1	1	1	0	1	0	0	0	0	0	1	1	1	1.904282	1.5547225	0.672521076181803	0.882201423818198
"Cottbus_random_1_18"	0	0	0	1	0	0	0	1	1	0	1	1	0	0	0	0	1	1	1	1	0	1	0	0	0	0	0	1	1	1	1.843744	1.47022561538462	0.613008750983102	0.857216864401514
"Cottbus_random_2_12"	1	0	1	1	0	1	1	0	1	0	0	0	1	0	0	1	1	0	1	1	0	1	0	1	1	1	1	1	1	1	1.635743	1.23121426315789	0.492601445621173	0.738612817536722
"Cottbus_random_2_13"	1	0	1	1	0	1	1	0	1	0	0	0	1	0	0	1	1	0	1	1	0	1	0	0	1	1	1	1	1	1	1.61469	1.20053294444444	0.461456538750533	0.739076405693912
"Cottbus_random_2_14"	1	0	1	1	0	1	0	0	1	0	0	0	1	0	0	1	1	0	1	1	0	1	0	0	1	1	1	1	1	1	1.644893	1.20927664705882	0.444904988795145	0.764371658263679
"Cottbus_random_2_15"	1	0	1	1	0	1	0	0	1	0	0	0	1	0	0	1	0	0	1	1	0	1	0	0	1	1	1	1	1	1	1.630086	1.1840294375	0.424472761119282	0.759556676380718
"Cottbus_random_2_16"	1	0	0	1	0	1	0	0	1	0	0	0	1	0	0	1	0	0	1	1	0	1	0	0	1	1	1	1	1	1	1.639109	1.16407073333333	0.347994638695477	0.816076094637856
"Cottbus_random_2_17"	0	0	0	1	0	1	0	0	1	0	0	0	1	0	0	1	0	0	1	1	0	1	0	0	1	1	1	1	1	1	1.632519	1.12359921428571	0.276690166410806	0.846909047874908
"Cottbus_random_2_18"	0	0	0	1	0	1	0	0	1	0	0	0	1	0	0	1	0	0	1	1	0	1	0	0	0	1	1	1	1	1	1.589358	1.06074553846154	0.293644590994615	0.767100947466924
"Cottbus_random_3_12"	0	1	0	1	1	1	0	0	0	0	1	1	1	1	0	1	0	1	0	0	1	1	1	1	1	1	0	1	1	1	2.102552	1.70324110526316	-0.407484316592699	2.11072542185586
"Cottbus_random_3_13"	0	1	0	1	1	1	0	0	0	0	1	1	1	1	0	1	0	1	0	0	1	1	1	1	1	1	0	0	1	1	2.108646	1.69258861111111	-0.403274023695938	2.09586263480705
"Cottbus_random_3_14"	0	1	0	1	1	1	0	0	0	0	1	1	1	1	0	1	0	1	0	0	1	1	1	1	1	1	0	0	0	1	2.069953	1.63014576470588	-0.326824347029524	1.95697011173541
"Cottbus_random_3_15"	0	1	0	1	1	1	0	0	0	0	1	1	1	1	0	1	0	1	0	0	1	1	1	1	0	1	0	0	0	1	2.057043	1.605555	-0.312584547705397	1.9181395477054
"Cottbus_random_3_16"	0	1	0	1	1	1	0	0	0	0	1	1	1	1	0	1	0	0	0	0	1	1	1	1	0	1	0	0	0	1	2.025066	1.57843613333333	-0.263963113313236	1.84239924664657
"Cottbus_random_3_17"	0	1	0	1	1	1	0	0	0	0	1	1	1	1	0	1	0	0	0	0	1	0	1	1	0	1	0	0	0	1	1.854991	1.46384107142857	-0.230801290153085	1.69464236158166
"Cottbus_random_3_18"	0	1	0	1	1	0	0	0	0	0	1	1	1	1	0	1	0	0	0	0	1	0	1	1	0	1	0	0	0	1	1.847732	1.51430353846154	0.0596942599198939	1.45460927854164
"Cottbus_random_4_12"	1	1	0	0	1	0	1	1	1	1	1	1	0	1	1	0	1	0	0	1	1	0	1	1	0	0	0	1	1	1	1.813662	1.47193989473684	0.377225708303981	1.09471418643286
"Cottbus_random_4_13"	1	1	0	0	1	0	1	1	1	0	1	1	0	1	1	0	1	0	0	1	1	0	1	1	0	0	0	1	1	1	1.867005	1.57988566666667	0.652045688715317	0.92783997795135
"Cottbus_random_4_14"	1	1	0	0	1	0	1	1	1	0	1	1	0	1	1	0	0	0	0	1	1	0	1	1	0	0	0	1	1	1	1.872863	1.58465270588235	0.679250772056117	0.905401933826236
"Cottbus_random_4_15"	1	1	0	0	1	0	1	1	1	0	1	1	0	1	1	0	0	0	0	1	1	0	0	1	0	0	0	1	1	1	1.862208	1.5576469375	0.604403213920993	0.953243723579007
"Cottbus_random_4_16"	1	1	0	0	1	0	1	1	1	0	1	1	0	1	1	0	0	0	0	1	0	0	0	1	0	0	0	1	1	1	1.903116	1.57876446666667	0.737443669400276	0.84132079726639
"Cottbus_random_4_17"	1	1	0	0	1	0	1	1	1	0	0	1	0	1	1	0	0	0	0	1	0	0	0	1	0	0	0	1	1	1	1.845742	1.498761	0.704296093353153	0.794464906646847
"Cottbus_random_4_18"	1	1	0	0	1	0	0	1	1	0	0	1	0	1	1	0	0	0	0	1	0	0	0	1	0	0	0	1	1	1	1.871891	1.50201523076923	0.674836511316486	0.827178719452745
"Cottbus_random_5_12"	0	1	0	1	1	1	1	1	0	0	0	1	1	1	1	1	0	1	1	0	1	0	1	1	0	0	1	1	0	1	1.991808	1.52919221052632	0.696549639663694	0.832642570862622
"Cottbus_random_5_13"	0	1	0	1	1	1	1	1	0	0	0	1	1	1	1	1	0	1	1	0	1	0	1	1	0	0	1	0	0	1	1.946099	1.46321977777778	0.589966565576195	0.873253212201582
"Cottbus_random_5_14"	0	1	0	1	1	1	1	1	0	0	0	1	1	0	1	1	0	1	1	0	1	0	1	1	0	0	1	0	0	1	1.953572	1.44452894117647	0.558595632289116	0.885933308887355
"Cottbus_random_5_15"	0	1	0	1	1	1	1	1	0	0	0	1	1	0	1	0	0	1	1	0	1	0	1	1	0	0	1	0	0	1	1.912547	1.4736605	0.707439575583829	0.766220924416172
"Cottbus_random_5_16"	0	0	0	1	1	1	1	1	0	0	0	1	1	0	1	0	0	1	1	0	1	0	1	1	0	0	1	0	0	1	1.900529	1.515781	0.850731104831381	0.665049895168618
"Cottbus_random_5_17"	0	0	0	1	0	1	1	1	0	0	0	1	1	0	1	0	0	1	1	0	1	0	1	1	0	0	1	0	0	1	1.856616	1.48039985714286	0.862694799927555	0.617705057215302
"Cottbus_random_5_18"	0	0	0	1	0	1	1	1	0	0	0	1	1	0	1	0	0	1	1	0	0	0	1	1	0	0	1	0	0	1	1.891035	1.48647176923077	0.907807670801365	0.578664098429405
"Cottbus_random_6_12"	0	1	1	1	1	0	1	1	1	1	1	0	1	1	0	0	1	0	1	0	0	1	1	1	0	0	1	1	0	1	1.903259	1.46568221052632	0.695043191674469	0.770639018851846
"Cottbus_random_6_13"	0	1	1	1	1	0	1	0	1	1	1	0	1	1	0	0	1	0	1	0	0	1	1	1	0	0	1	1	0	1	1.615886	1.24405772222222	0.52581506526256	0.718242656959662
"Cottbus_random_6_14"	0	1	1	1	1	0	1	0	1	1	1	0	1	1	0	0	0	0	1	0	0	1	1	1	0	0	1	1	0	1	1.631785	1.25388288235294	0.549945877697548	0.703937004655393
"Cottbus_random_6_15"	0	1	1	1	1	0	1	0	1	0	1	0	1	1	0	0	0	0	1	0	0	1	1	1	0	0	1	1	0	1	1.53688	1.21814475	0.566847521751492	0.651297228248508
"Cottbus_random_6_16"	0	1	1	1	1	0	1	0	1	0	0	0	1	1	0	0	0	0	1	0	0	1	1	1	0	0	1	1	0	1	1.525677	1.18619533333333	0.662282883056452	0.523912450276881
"Cottbus_random_6_17"	0	1	1	1	0	0	1	0	1	0	0	0	1	1	0	0	0	0	1	0	0	1	1	1	0	0	1	1	0	1	1.512741	1.1850245	0.665013161383846	0.520011338616154
"Cottbus_random_6_18"	0	1	1	1	0	0	1	0	1	0	0	0	1	0	0	0	0	0	1	0	0	1	1	1	0	0	1	1	0	1	1.504487	1.15449184615385	0.655853135989098	0.498638710164749
"Cottbus_random_7_12"	1	1	0	1	0	0	1	1	1	1	0	0	0	1	1	0	1	1	0	0	1	0	1	1	1	1	1	0	1	1	1.899708	1.50540484210526	0.596138475607507	0.909266366497756
"Cottbus_random_7_13"	1	0	0	1	0	0	1	1	1	1	0	0	0	1	1	0	1	1	0	0	1	0	1	1	1	1	1	0	1	1	1.887887	1.54117611111111	0.758153853073617	0.783022258037494
"Cottbus_random_7_14"	1	0	0	1	0	0	0	1	1	1	0	0	0	1	1	0	1	1	0	0	1	0	1	1	1	1	1	0	1	1	1.92862	1.56441723529412	0.717414835770586	0.847002399523532
"Cottbus_random_7_15"	1	0	0	1	0	0	0	1	1	1	0	0	0	1	1	0	1	1	0	0	1	0	1	0	1	1	1	0	1	1	1.923722	1.55120775	0.703871839046695	0.847335910953305
"Cottbus_random_7_16"	1	0	0	1	0	0	0	1	1	1	0	0	0	1	1	0	1	1	0	0	1	0	1	0	1	0	1	0	1	1	1.897768	1.5220596	0.685310758940636	0.836748841059365
"Cottbus_random_7_17"	1	0	0	1	0	0	0	1	1	1	0	0	0	1	1	0	1	1	0	0	1	0	0	0	1	0	1	0	1	1	1.913495	1.51285014285714	0.64132515048308	0.871524992374063
"Cottbus_random_7_18"	1	0	0	1	0	0	0	1	1	1	0	0	0	1	1	0	1	1	0	0	1	0	0	0	1	0	0	0	1	1	1.947844	1.61602823076923	0.617622831626256	0.998405399142975
"Cottbus_random_8_12"	1	1	0	1	1	1	0	1	1	1	1	1	0	0	1	0	1	1	0	1	1	0	0	0	0	1	1	0	1	1	1.890958	1.39935236842105	0.272120013200023	1.12723235522103
"Cottbus_random_8_13"	1	1	0	1	1	0	0	1	1	1	1	1	0	0	1	0	1	1	0	1	1	0	0	0	0	1	1	0	1	1	1.851873	1.39637422222222	0.430444081162896	0.965930141059326
"Cottbus_random_8_14"	1	1	0	1	1	0	0	1	1	1	1	1	0	0	1	0	1	1	0	1	1	0	0	0	0	0	1	0	1	1	1.845912	1.38271341176471	0.396280822791295	0.986432588973411
"Cottbus_random_8_15"	1	1	0	1	1	0	0	1	1	1	0	1	0	0	1	0	1	1	0	1	1	0	0	0	0	0	1	0	1	1	1.878671	1.3869936875	0.506865689053041	0.880127998446959
"Cottbus_random_8_16"	1	1	0	1	1	0	0	1	0	1	0	1	0	0	1	0	1	1	0	1	1	0	0	0	0	0	1	0	1	1	1.865372	1.34179586666667	0.50051137243055	0.841284494236116
"Cottbus_random_8_17"	1	1	0	1	1	0	0	1	0	1	0	1	0	0	1	0	1	0	0	1	1	0	0	0	0	0	1	0	1	1	1.874757	1.35123685714286	0.5557201284179	0.795516728724957
"Cottbus_random_8_18"	1	1	0	0	1	0	0	1	0	1	0	1	0	0	1	0	1	0	0	1	1	0	0	0	0	0	1	0	1	1	1.866014	1.30260823076923	0.473310467264834	0.829297763504396
"Cottbus_random_9_12"	1	1	0	0	0	1	1	1	0	0	1	0	1	1	1	1	1	0	0	0	1	1	1	1	1	1	1	0	1	0	1.962521	1.46529652631579	0.365590615048042	1.09970591126775
"Cottbus_random_9_13"	1	1	0	0	0	1	1	1	0	0	1	0	1	0	1	1	1	0	0	0	1	1	1	1	1	1	1	0	1	0	1.983698	1.46096627777778	0.398408785179161	1.06255749259862
"Cottbus_random_9_14"	1	1	0	0	0	1	1	1	0	0	1	0	1	0	1	1	1	0	0	0	1	1	1	1	1	1	0	0	1	0	2.086438	1.60915870588235	0.145871252392909	1.46328745348944
"Cottbus_random_9_15"	1	1	0	0	0	1	1	1	0	0	1	0	1	0	1	1	1	0	0	0	1	1	1	0	1	1	0	0	1	0	2.06012	1.5674619375	0.147259621524573	1.42020231597543
"Cottbus_random_9_16"	1	1	0	0	0	1	1	1	0	0	1	0	1	0	1	1	1	0	0	0	1	1	1	0	1	0	0	0	1	0	2.098944	1.5950822	0.198420588207841	1.39666161179216
"Cottbus_random_9_17"	1	1	0	0	0	1	1	1	0	0	1	0	1	0	1	1	1	0	0	0	1	1	1	0	0	0	0	0	1	0	2.014675	1.49288842857143	0.0831193934011332	1.4097690351703
"Cottbus_random_9_18"	1	1	0	0	0	1	1	1	0	0	1	0	1	0	1	1	1	0	0	0	1	1	0	0	0	0	0	0	1	0	2.041165	1.481287	0.125545141551565	1.35574185844843
"Cottbus_random_10_12"	1	1	0	1	1	1	0	0	0	0	1	0	1	1	1	1	1	1	0	1	1	0	1	1	1	1	0	0	0	1	1.575132	1.19097547368421	-0.297773366160316	1.48874883984453
"Cottbus_random_10_13"	1	1	0	1	1	1	0	0	0	0	1	0	1	1	0	1	1	1	0	1	1	0	1	1	1	1	0	0	0	1	1.580659	1.17554911111111	-0.230521575648998	1.40607068676011
"Cottbus_random_10_14"	1	1	0	1	1	1	0	0	0	0	1	0	1	1	0	1	0	1	0	1	1	0	1	1	1	1	0	0	0	1	1.557571	1.14442952941176	-0.255742155779393	1.40017168519116
"Cottbus_random_10_15"	1	1	0	1	1	1	0	0	0	0	1	0	1	1	0	1	0	1	0	1	1	0	1	0	1	1	0	0	0	1	1.55792	1.133408375	-0.235719972475959	1.36912834747596
"Cottbus_random_10_16"	1	1	0	1	1	1	0	0	0	0	1	0	1	1	0	1	0	1	0	1	0	0	1	0	1	1	0	0	0	1	1.583143	1.1308442	-0.115373637199795	1.2462178371998
"Cottbus_random_10_17"	1	1	0	1	1	1	0	0	0	0	1	0	1	1	0	0	0	1	0	1	0	0	1	0	1	1	0	0	0	1	1.333315	0.965248285714286	-0.142446410091947	1.10769469580623
"Cottbus_random_10_18"	1	1	0	0	1	1	0	0	0	0	1	0	1	1	0	0	0	1	0	1	0	0	1	0	1	1	0	0	0	1	1.303111	0.907116615384615	-0.189187065051348	1.09630368043596
"Cottbus_random_11_12"	1	1	0	0	0	0	1	0	0	1	0	1	1	0	1	1	1	1	0	1	0	1	1	1	1	1	1	1	1	0	1.691571	1.19831757894737	0.405205801542442	0.793111777404926
"Cottbus_random_11_13"	1	1	0	0	0	0	1	0	0	1	0	1	0	0	1	1	1	1	0	1	0	1	1	1	1	1	1	1	1	0	1.686324	1.1688235	0.41630134092915	0.75252215907085
"Cottbus_random_11_14"	1	1	0	0	0	0	1	0	0	1	0	1	0	0	1	1	1	1	0	1	0	1	0	1	1	1	1	1	1	0	1.700355	1.15397788235294	0.372592796349387	0.781385086003554
"Cottbus_random_11_15"	1	1	0	0	0	0	1	0	0	1	0	1	0	0	1	1	1	1	0	0	0	1	0	1	1	1	1	1	1	0	1.697155	1.165472875	0.404374074995255	0.761098800004745
"Cottbus_random_11_16"	1	1	0	0	0	0	1	0	0	1	0	0	0	0	1	1	1	1	0	0	0	1	0	1	1	1	1	1	1	0	1.699015	1.13269826666667	0.297198854905132	0.835499411761535
"Cottbus_random_11_17"	1	1	0	0	0	0	1	0	0	1	0	0	0	0	1	1	1	1	0	0	0	1	0	1	1	1	1	1	0	0	1.693011	1.08712235714286	0.408266284129379	0.678856073013478
"Cottbus_random_11_18"	1	1	0	0	0	0	1	0	0	1	0	0	0	0	1	0	1	1	0	0	0	1	0	1	1	1	1	1	0	0	1.640457	1.11346523076923	0.509757963293376	0.603707267475855
"Cottbus_random_12_12"	1	0	1	0	1	1	1	0	0	1	1	1	1	1	1	1	0	1	1	0	0	0	1	0	1	0	1	1	1	0	1.624535	1.25374615789474	0.453861029306462	0.799885128588275
"Cottbus_random_12_13"	1	0	1	0	1	1	1	0	0	1	1	1	1	1	1	1	0	1	1	0	0	0	1	0	1	0	0	1	1	0	1.768965	1.44954472222222	-0.263487379305096	1.71303210152732
"Cottbus_random_12_14"	1	0	0	0	1	1	1	0	0	1	1	1	1	1	1	1	0	1	1	0	0	0	1	0	1	0	0	1	1	0	1.732095	1.39455182352941	-0.302563598567917	1.69711542209733
"Cottbus_random_12_15"	1	0	0	0	1	1	1	0	0	1	1	1	1	1	1	1	0	1	1	0	0	0	1	0	0	0	0	1	1	0	1.640352	1.2975195625	-0.363363555522717	1.66088311802272
"Cottbus_random_12_16"	1	0	0	0	1	1	1	0	0	1	1	1	1	0	1	1	0	1	1	0	0	0	1	0	0	0	0	1	1	0	1.638104	1.27495566666667	-0.267640517855639	1.54259618452231
"Cottbus_random_12_17"	1	0	0	0	1	1	1	0	0	1	1	1	1	0	1	1	0	1	1	0	0	0	0	0	0	0	0	1	1	0	1.622906	1.23571835714286	-0.39367885277184	1.6293972099147
"Cottbus_random_12_18"	1	0	0	0	1	1	1	0	0	1	1	1	1	0	1	0	0	1	1	0	0	0	0	0	0	0	0	1	1	0	1.516815	1.22534738461538	-0.14579757766653	1.37114496228191
"Cottbus_random_13_12"	1	1	1	0	1	1	0	0	0	1	0	1	1	1	0	1	0	1	1	1	0	0	1	1	0	0	1	1	1	1	1.662242	1.17645247368421	0.471233159402577	0.705219314281633
"Cottbus_random_13_13"	1	1	1	0	1	1	0	0	0	1	0	1	1	1	0	1	0	1	1	1	0	0	0	1	0	0	1	1	1	1	1.624799	1.11349883333333	0.406982576481584	0.70651625685175
"Cottbus_random_13_14"	1	1	1	0	1	1	0	0	0	1	0	1	1	1	0	1	0	1	1	1	0	0	0	1	0	0	1	1	0	1	1.624001	1.08334847058824	0.497675049191583	0.585673421396652
"Cottbus_random_13_15"	1	1	1	0	1	1	0	0	0	1	0	1	1	1	0	1	0	1	1	1	0	0	0	1	0	0	1	0	0	1	1.628429	1.0601028125	0.50002440066078	0.56007841183922
"Cottbus_random_13_16"	1	1	1	0	1	1	0	0	0	1	0	1	1	1	0	0	0	1	1	1	0	0	0	1	0	0	1	0	0	1	1.570535	1.07309026666667	0.579700079088475	0.493390187578192
"Cottbus_random_13_17"	1	1	1	0	1	1	0	0	0	0	0	1	1	1	0	0	0	1	1	1	0	0	0	1	0	0	1	0	0	1	1.487401	1.04903678571429	0.603808597038923	0.445228188675363
"Cottbus_random_13_18"	1	1	1	0	1	1	0	0	0	0	0	1	1	1	0	0	0	1	1	1	0	0	0	1	0	0	1	0	0	0	1.483486	1.02971930769231	0.6032946480669	0.426424659625408
"Cottbus_random_14_12"	0	1	1	1	1	1	1	1	1	1	1	1	1	1	0	0	0	1	0	1	1	1	1	0	0	0	1	0	0	0	1.93163	1.41085505263158	0.484738016859406	0.926117035772172
"Cottbus_random_14_13"	0	1	1	1	0	1	1	1	1	1	1	1	1	1	0	0	0	1	0	1	1	1	1	0	0	0	1	0	0	0	1.892574	1.37087788888889	0.431039236900117	0.939838651988772
"Cottbus_random_14_14"	0	1	1	1	0	1	1	1	1	1	1	1	1	1	0	0	0	0	0	1	1	1	1	0	0	0	1	0	0	0	1.871446	1.34990658823529	0.451116513978206	0.898790074257088
"Cottbus_random_14_15"	0	1	1	1	0	1	1	1	1	1	1	1	1	1	0	0	0	0	0	0	1	1	1	0	0	0	1	0	0	0	1.922262	1.4169699375	0.461702105890617	0.955267831609383
"Cottbus_random_14_16"	0	1	1	1	0	1	0	1	1	1	1	1	1	1	0	0	0	0	0	0	1	1	1	0	0	0	1	0	0	0	1.93576	1.40007173333333	0.38666885182999	1.01340288150334
"Cottbus_random_14_17"	0	1	1	1	0	1	0	1	1	1	1	0	1	1	0	0	0	0	0	0	1	1	1	0	0	0	1	0	0	0	1.915252	1.34216907142857	0.272349128052934	1.06981994337564
"Cottbus_random_14_18"	0	0	1	1	0	1	0	1	1	1	1	0	1	1	0	0	0	0	0	0	1	1	1	0	0	0	1	0	0	0	1.856008	1.33506976923077	0.424359313776509	0.910710455454261
"Cottbus_random_15_12"	1	1	1	1	1	1	1	1	0	0	0	1	1	0	1	1	1	1	1	0	0	1	1	0	0	1	0	0	0	1	2.104829	1.63388489473684	0.525503011360683	1.10838188337616
"Cottbus_random_15_13"	0	1	1	1	1	1	1	1	0	0	0	1	1	0	1	1	1	1	1	0	0	1	1	0	0	1	0	0	0	1	2.046616	1.54954705555556	0.411045061119545	1.13850199443601
"Cottbus_random_15_14"	0	1	1	1	1	1	1	1	0	0	0	1	1	0	1	1	0	1	1	0	0	1	1	0	0	1	0	0	0	1	2.065876	1.55536611764706	0.38591504554735	1.16945107209971
"Cottbus_random_15_15"	0	1	1	1	1	1	1	1	0	0	0	1	0	0	1	1	0	1	1	0	0	1	1	0	0	1	0	0	0	1	2.072119	1.533252625	0.354394897843235	1.17885772715676
"Cottbus_random_15_16"	0	1	1	1	1	1	0	1	0	0	0	1	0	0	1	1	0	1	1	0	0	1	1	0	0	1	0	0	0	1	2.132257	1.56075613333333	0.38277233551362	1.17798379781971
"Cottbus_random_15_17"	0	1	1	1	1	1	0	1	0	0	0	1	0	0	1	1	0	1	1	0	0	1	0	0	0	1	0	0	0	1	2.089262	1.4788395	0.233038897800825	1.24580060219918
"Cottbus_random_15_18"	0	1	0	1	1	1	0	1	0	0	0	1	0	0	1	1	0	1	1	0	0	1	0	0	0	1	0	0	0	1	2.101822	1.44531553846154	0.341685431766972	1.10363010669457
"Cottbus_random_16_12"	0	1	0	1	1	0	1	1	0	1	0	1	1	0	1	0	0	0	1	1	1	1	1	0	1	0	1	1	1	1	1.921136	1.45705215789474	0.508022224876954	0.949029933017782
"Cottbus_random_16_13"	0	1	0	1	1	0	1	1	0	1	0	0	1	0	1	0	0	0	1	1	1	1	1	0	1	0	1	1	1	1	1.898274	1.40908344444444	0.412133554786227	0.996949889658217
"Cottbus_random_16_14"	0	1	0	1	1	0	1	1	0	1	0	0	0	0	1	0	0	0	1	1	1	1	1	0	1	0	1	1	1	1	1.951851	1.43722605882353	0.438451489187054	0.998774569636476
"Cottbus_random_16_15"	0	1	0	1	1	0	1	1	0	1	0	0	0	0	1	0	0	0	1	1	1	1	1	0	1	0	1	1	0	1	1.943205	1.397185375	0.524806796977828	0.872378578022172
"Cottbus_random_16_16"	0	1	0	1	1	0	1	1	0	1	0	0	0	0	1	0	0	0	0	1	1	1	1	0	1	0	1	1	0	1	1.93388	1.3548384	0.465072513961161	0.889765886038839
"Cottbus_random_16_17"	0	1	0	1	0	0	1	1	0	1	0	0	0	0	1	0	0	0	0	1	1	1	1	0	1	0	1	1	0	1	1.918652	1.33426414285714	0.457496940189724	0.876767202667418
"Cottbus_random_16_18"	0	1	0	1	0	0	1	1	0	1	0	0	0	0	1	0	0	0	0	1	1	1	0	0	1	0	1	1	0	1	1.915057	1.28776223076923	0.418367981768432	0.869394249000799
"Cottbus_random_17_12"	1	0	1	1	1	1	0	0	1	1	1	1	0	0	0	0	1	0	0	0	1	1	1	1	0	1	1	1	1	1	1.602224	1.24717078947368	0.485310308002107	0.761860481471577
"Cottbus_random_17_13"	1	0	1	0	1	1	0	0	1	1	1	1	0	0	0	0	1	0	0	0	1	1	1	1	0	1	1	1	1	1	1.623012	1.24851177777778	0.444862604156344	0.803649173621434
"Cottbus_random_17_14"	1	0	1	0	1	1	0	0	1	1	1	1	0	0	0	0	1	0	0	0	1	1	1	1	0	1	0	1	1	1	1.718183	1.39785470588235	-0.269944665544658	1.66779937142701
"Cottbus_random_17_15"	1	0	1	0	1	1	0	0	1	1	1	1	0	0	0	0	1	0	0	0	1	1	1	1	0	1	0	1	1	0	1.645999	1.3205334375	-0.286783850127266	1.60731728762727
"Cottbus_random_17_16"	1	0	1	0	1	1	0	0	1	1	1	1	0	0	0	0	1	0	0	0	1	0	1	1	0	1	0	1	1	0	1.463332	1.19772533333333	-0.23743238758972	1.43515772092305
"Cottbus_random_17_17"	1	0	1	0	1	1	0	0	1	1	1	1	0	0	0	0	1	0	0	0	1	0	0	1	0	1	0	1	1	0	1.469804	1.18712528571429	-0.270570733725929	1.45769601944021
"Cottbus_random_17_18"	1	0	1	0	1	1	0	0	1	1	0	1	0	0	0	0	1	0	0	0	1	0	0	1	0	1	0	1	1	0	1.448856	1.14501269230769	-0.174028678786742	1.31904137109443
"Cottbus_random_18_12"	0	0	1	1	1	0	1	1	0	1	1	0	1	1	1	1	1	0	0	0	0	1	1	1	1	1	1	0	1	0	1.903846	1.43587363157895	0.403782814284354	1.03209081729459
"Cottbus_random_18_13"	0	0	1	1	1	0	1	1	0	1	1	0	0	1	1	1	1	0	0	0	0	1	1	1	1	1	1	0	1	0	1.965888	1.47507305555556	0.487279187431714	0.987793868123841
"Cottbus_random_18_14"	0	0	1	1	1	0	1	1	0	1	1	0	0	1	1	1	0	0	0	0	0	1	1	1	1	1	1	0	1	0	1.913557	1.409669	0.438947418820563	0.970721581179437
"Cottbus_random_18_15"	0	0	1	1	1	0	1	1	0	0	1	0	0	1	1	1	0	0	0	0	0	1	1	1	1	1	1	0	1	0	1.95311	1.50051475	0.575964425805337	0.924550324194663
"Cottbus_random_18_16"	0	0	1	1	1	0	1	1	0	0	1	0	0	1	1	1	0	0	0	0	0	1	1	1	1	1	0	0	1	0	2.065702	1.66929526666667	0.542463964039334	1.12683130262733
"Cottbus_random_18_17"	0	0	1	1	1	0	1	1	0	0	1	0	0	1	1	1	0	0	0	0	0	1	1	1	0	1	0	0	1	0	2.045878	1.63922185714286	0.603589088450361	1.0356327686925
"Cottbus_random_18_18"	0	0	1	1	1	0	1	1	0	0	1	0	0	1	1	1	0	0	0	0	0	1	1	1	0	0	0	0	1	0	2.050389	1.637421	0.502939735729512	1.13448126427049
"Cottbus_random_19_12"	1	1	1	1	0	0	0	1	1	0	1	1	1	1	1	1	1	1	0	0	1	1	1	1	1	0	0	0	0	0	2.057121	1.67869426315789	0.347798719162594	1.3308955439953
"Cottbus_random_19_13"	1	1	1	1	0	0	0	1	1	0	0	1	1	1	1	1	1	1	0	0	1	1	1	1	1	0	0	0	0	0	2.081823	1.68279138888889	0.445941800476482	1.23684958841241
"Cottbus_random_19_14"	1	1	1	1	0	0	0	1	1	0	0	1	1	0	1	1	1	1	0	0	1	1	1	1	1	0	0	0	0	0	2.051181	1.63091776470588	0.393650735070934	1.23726702963495
"Cottbus_random_19_15"	1	1	1	1	0	0	0	1	1	0	0	1	1	0	1	1	1	0	0	0	1	1	1	1	1	0	0	0	0	0	2.067892	1.6541348125	0.504175425965196	1.1499593865348
"Cottbus_random_19_16"	1	1	1	1	0	0	0	1	1	0	0	1	0	0	1	1	1	0	0	0	1	1	1	1	1	0	0	0	0	0	2.074594	1.63704006666667	0.462165520523318	1.17487454614335
"Cottbus_random_19_17"	1	1	1	1	0	0	0	1	1	0	0	1	0	0	1	0	1	0	0	0	1	1	1	1	1	0	0	0	0	0	1.957807	1.60553835714286	0.684341541121994	0.921196816020863
"Cottbus_random_19_18"	1	1	1	1	0	0	0	1	1	0	0	1	0	0	1	0	1	0	0	0	0	1	1	1	1	0	0	0	0	0	1.974804	1.59603038461538	0.714121735171253	0.881908649444131
"Cottbus_random_20_12"	1	1	1	1	1	0	1	1	0	1	1	1	0	1	1	0	0	1	1	0	0	0	1	0	1	0	1	1	1	0	1.877722	1.50445221052632	0.673390992755872	0.831061217770444
"Cottbus_random_20_13"	1	1	1	1	1	0	1	1	0	1	0	1	0	1	1	0	0	1	1	0	0	0	1	0	1	0	1	1	1	0	1.841059	1.44747083333333	0.720811825942873	0.72665900739046
"Cottbus_random_20_14"	1	1	1	0	1	0	1	1	0	1	0	1	0	1	1	0	0	1	1	0	0	0	1	0	1	0	1	1	1	0	1.892582	1.47613611764706	0.725314924473054	0.750821193174005
"Cottbus_random_20_15"	0	1	1	0	1	0	1	1	0	1	0	1	0	1	1	0	0	1	1	0	0	0	1	0	1	0	1	1	1	0	1.889923	1.4474928125	0.683121564262124	0.764371248237876
"Cottbus_random_20_16"	0	1	1	0	0	0	1	1	0	1	0	1	0	1	1	0	0	1	1	0	0	0	1	0	1	0	1	1	1	0	1.892701	1.4543884	0.641637807896321	0.81275059210368
"Cottbus_random_20_17"	0	1	0	0	0	0	1	1	0	1	0	1	0	1	1	0	0	1	1	0	0	0	1	0	1	0	1	1	1	0	1.872659	1.40384771428571	0.607428806127952	0.796418908157762
"Cottbus_random_20_18"	0	0	0	0	0	0	1	1	0	1	0	1	0	1	1	0	0	1	1	0	0	0	1	0	1	0	1	1	1	0	1.879404	1.47075830769231	0.749144731477005	0.721613576215302
"Cottbus_random_21_12"	1	0	1	1	0	1	0	0	0	1	0	1	1	1	1	0	1	1	1	1	0	0	1	1	0	0	1	1	1	1	1.583858	1.261549	0.638655362363978	0.622893637636022
"Cottbus_random_21_13"	1	0	1	1	0	1	0	0	0	1	0	1	1	1	1	0	1	0	1	1	0	0	1	1	0	0	1	1	1	1	1.541375	1.23029105555556	0.664595071139962	0.565695984415593
"Cottbus_random_21_14"	1	0	1	1	0	0	0	0	0	1	0	1	1	1	1	0	1	0	1	1	0	0	1	1	0	0	1	1	1	1	1.551276	1.28904176470588	0.758977110071238	0.530064654634644
"Cottbus_random_21_15"	1	0	1	1	0	0	0	0	0	1	0	1	1	1	0	0	1	0	1	1	0	0	1	1	0	0	1	1	1	1	1.557398	1.279211375	0.831009355759936	0.448202019240064
"Cottbus_random_21_16"	1	0	1	1	0	0	0	0	0	1	0	1	0	1	0	0	1	0	1	1	0	0	1	1	0	0	1	1	1	1	1.543384	1.25043866666667	0.825477903086918	0.424960763579749
"Cottbus_random_21_17"	1	0	1	0	0	0	0	0	0	1	0	1	0	1	0	0	1	0	1	1	0	0	1	1	0	0	1	1	1	1	1.513781	1.20026864285714	0.790806291171343	0.4094623516858
"Cottbus_random_21_18"	1	0	1	0	0	0	0	0	0	1	0	1	0	0	0	0	1	0	1	1	0	0	1	1	0	0	1	1	1	1	1.557104	1.22240561538462	0.794734571158575	0.42767104422604
"Cottbus_random_22_12"	1	1	1	1	1	1	0	1	1	1	0	1	0	1	1	1	1	1	1	0	1	0	1	0	0	0	1	0	0	0	1.962105	1.449753	0.480668274407573	0.969084725592427
"Cottbus_random_22_13"	1	1	1	1	1	1	0	1	1	1	0	0	0	1	1	1	1	1	1	0	1	0	1	0	0	0	1	0	0	0	1.922926	1.38278572222222	0.436935018609073	0.945850703613149
"Cottbus_random_22_14"	1	1	1	1	1	1	0	1	1	1	0	0	0	1	1	1	1	1	0	0	1	0	1	0	0	0	1	0	0	0	1.883914	1.31498252941176	0.310307462768583	1.00467506664318
"Cottbus_random_22_15"	1	1	1	1	1	1	0	0	1	1	0	0	0	1	1	1	1	1	0	0	1	0	1	0	0	0	1	0	0	0	1.611323	1.1081489375	0.25142856381587	0.85672037368413
"Cottbus_random_22_16"	1	1	0	1	1	1	0	0	1	1	0	0	0	1	1	1	1	1	0	0	1	0	1	0	0	0	1	0	0	0	1.643027	1.1070634	0.260887793143364	0.846175606856635
"Cottbus_random_22_17"	1	1	0	1	1	0	0	0	1	1	0	0	0	1	1	1	1	1	0	0	1	0	1	0	0	0	1	0	0	0	1.619256	1.12654707142857	0.370804850162571	0.755742221266
"Cottbus_random_22_18"	1	1	0	1	1	0	0	0	1	0	0	0	0	1	1	1	1	1	0	0	1	0	1	0	0	0	1	0	0	0	1.576757	1.14803753846154	0.445490783241393	0.702546755220145
"Cottbus_random_23_12"	1	1	0	1	1	1	1	0	1	1	0	1	0	1	0	0	1	0	1	1	1	0	1	1	0	1	1	0	0	1	1.571872	1.17375610526316	0.544045187541651	0.629710917721506
"Cottbus_random_23_13"	1	1	0	1	1	1	0	0	1	1	0	1	0	1	0	0	1	0	1	1	1	0	1	1	0	1	1	0	0	1	1.59204	1.17454816666667	0.526096110646603	0.648452056020064
"Cottbus_random_23_14"	1	1	0	1	1	1	0	0	1	1	0	1	0	1	0	0	1	0	1	1	1	0	1	1	0	0	1	0	0	1	1.560075	1.13711905882353	0.52378303500765	0.61333602381588
"Cottbus_random_23_15"	1	1	0	1	1	1	0	0	1	0	0	1	0	1	0	0	1	0	1	1	1	0	1	1	0	0	1	0	0	1	1.458499	1.0918940625	0.529728900811228	0.562165161688772
"Cottbus_random_23_16"	1	1	0	1	1	1	0	0	1	0	0	1	0	1	0	0	0	0	1	1	1	0	1	1	0	0	1	0	0	1	1.471459	1.0983186	0.513418930806446	0.584899669193555
"Cottbus_random_23_17"	1	1	0	1	1	1	0	0	0	0	0	1	0	1	0	0	0	0	1	1	1	0	1	1	0	0	1	0	0	1	1.46775	1.06889921428571	0.557597124479311	0.511302089806403
"Cottbus_random_23_18"	1	1	0	1	1	1	0	0	0	0	0	1	0	1	0	0	0	0	1	1	1	0	1	0	0	0	1	0	0	1	1.454165	1.04241946153846	0.571124367563352	0.47129509397511
"Cottbus_random_24_12"	0	1	0	1	1	1	1	0	1	0	0	1	1	0	1	0	0	1	0	1	1	1	1	1	0	1	1	1	1	0	1.552995	1.15482978947368	0.368347525417876	0.786482264055809
"Cottbus_random_24_13"	0	1	0	1	1	1	1	0	1	0	0	1	1	0	1	0	0	1	0	1	1	1	1	1	0	0	1	1	1	0	1.515471	1.11321894444444	0.301453782509397	0.811765161935048
"Cottbus_random_24_14"	0	1	0	1	1	1	1	0	1	0	0	1	1	0	1	0	0	1	0	0	1	1	1	1	0	0	1	1	1	0	1.531847	1.15190347058824	0.363481585251012	0.788421885337223
"Cottbus_random_24_15"	0	1	0	1	1	1	1	0	1	0	0	0	1	0	1	0	0	1	0	0	1	1	1	1	0	0	1	1	1	0	1.549633	1.1467031875	0.329589173551464	0.817114013948536
"Cottbus_random_24_16"	0	1	0	1	1	1	1	0	1	0	0	0	1	0	1	0	0	0	0	0	1	1	1	1	0	0	1	1	1	0	1.49658	1.10174553333333	0.296232203986337	0.805513329346996
"Cottbus_random_24_17"	0	1	0	1	1	1	0	0	1	0	0	0	1	0	1	0	0	0	0	0	1	1	1	1	0	0	1	1	1	0	1.543165	1.123653	0.255024135080295	0.868628864919705
"Cottbus_random_24_18"	0	1	0	1	1	1	0	0	0	0	0	0	1	0	1	0	0	0	0	0	1	1	1	1	0	0	1	1	1	0	1.525247	1.07447984615385	0.272052008410273	0.802427837743574
"Cottbus_random_25_12"	0	0	0	1	0	0	1	1	1	0	1	1	1	1	1	1	1	0	1	1	0	1	1	0	1	0	0	1	1	1	2.037227	1.70071726315789	0.609037507628471	1.09167975552942
"Cottbus_random_25_13"	0	0	0	1	0	0	1	1	1	0	0	1	1	1	1	1	1	0	1	1	0	1	1	0	1	0	0	1	1	1	2.011304	1.65651811111111	0.652929232302075	1.00358887880904
"Cottbus_random_25_14"	0	0	0	1	0	0	1	1	1	0	0	1	1	1	1	1	1	0	1	1	0	1	1	0	0	0	0	1	1	1	1.943491	1.58271270588235	0.631178660657438	0.951534045224915
"Cottbus_random_25_15"	0	0	0	1	0	0	1	1	1	0	0	1	1	1	0	1	1	0	1	1	0	1	1	0	0	0	0	1	1	1	1.938039	1.5551493125	0.706507268483867	0.848642044016133
"Cottbus_random_25_16"	0	0	0	1	0	0	1	1	1	0	0	0	1	1	0	1	1	0	1	1	0	1	1	0	0	0	0	1	1	1	2.008249	1.6006442	0.75041561046199	0.850228589538011
"Cottbus_random_25_17"	0	0	0	1	0	0	1	1	0	0	0	0	1	1	0	1	1	0	1	1	0	1	1	0	0	0	0	1	1	1	1.91607	1.48029307142857	0.686398879307589	0.793894192120983
"Cottbus_random_25_18"	0	0	0	1	0	0	1	1	0	0	0	0	1	1	0	0	1	0	1	1	0	1	1	0	0	0	0	1	1	1	1.892637	1.54884246153846	0.855438174554677	0.693404286983784
"Cottbus_random_26_12"	1	1	1	0	1	1	1	1	1	1	0	0	1	0	1	1	1	1	0	0	0	0	0	1	1	0	1	1	1	0	1.955375	1.41353789473684	0.38890643071737	1.02463146401947
"Cottbus_random_26_13"	1	0	1	0	1	1	1	1	1	1	0	0	1	0	1	1	1	1	0	0	0	0	0	1	1	0	1	1	1	0	1.973002	1.47056083333333	0.510137281249529	0.960423552083804
"Cottbus_random_26_14"	1	0	1	0	1	1	1	1	1	1	0	0	1	0	1	1	1	1	0	0	0	0	0	1	1	0	1	0	1	0	1.926167	1.39992776470588	0.492287207497909	0.907640557207974
"Cottbus_random_26_15"	1	0	1	0	1	1	1	1	1	1	0	0	0	0	1	1	1	1	0	0	0	0	0	1	1	0	1	0	1	0	1.900047	1.3444681875	0.438840571012606	0.905627616487394
"Cottbus_random_26_16"	1	0	1	0	1	1	0	1	1	1	0	0	0	0	1	1	1	1	0	0	0	0	0	1	1	0	1	0	1	0	1.928106	1.33877853333333	0.382556606988407	0.956221926344926
"Cottbus_random_26_17"	1	0	1	0	1	1	0	1	1	1	0	0	0	0	1	1	1	1	0	0	0	0	0	1	1	0	1	0	0	0	1.941093	1.31055	0.479442642598088	0.831107357401912
"Cottbus_random_26_18"	1	0	0	0	1	1	0	1	1	1	0	0	0	0	1	1	1	1	0	0	0	0	0	1	1	0	1	0	0	0	1.964429	1.28625430769231	0.419392954302166	0.866861353390142
"Cottbus_random_27_12"	0	0	1	0	0	0	1	1	0	0	1	1	0	1	0	1	1	1	0	1	0	1	1	1	1	1	1	1	1	1	2.027626	1.572472	0.725966804441603	0.846505195558397
"Cottbus_random_27_13"	0	0	1	0	0	0	1	1	0	0	1	1	0	1	0	1	1	1	0	1	0	1	0	1	1	1	1	1	1	1	1.971681	1.49271833333333	0.652273180422042	0.840445152911292
"Cottbus_random_27_14"	0	0	1	0	0	0	1	1	0	0	1	1	0	1	0	1	1	1	0	1	0	1	0	1	1	1	1	0	1	1	1.995437	1.49405735294118	0.641318332755891	0.852739020185285
"Cottbus_random_27_15"	0	0	1	0	0	0	1	1	0	0	0	1	0	1	0	1	1	1	0	1	0	1	0	1	1	1	1	0	1	1	1.992612	1.4603673125	0.72032973897461	0.74003757352539
"Cottbus_random_27_16"	0	0	1	0	0	0	1	1	0	0	0	1	0	1	0	1	1	1	0	1	0	1	0	1	1	1	1	0	1	0	1.971315	1.4194628	0.728434460007338	0.691028339992661
"Cottbus_random_27_17"	0	0	1	0	0	0	1	1	0	0	0	0	0	1	0	1	1	1	0	1	0	1	0	1	1	1	1	0	1	0	1.967327	1.37692557142857	0.667991730678061	0.70893384075051
"Cottbus_random_27_18"	0	0	1	0	0	0	0	1	0	0	0	0	0	1	0	1	1	1	0	1	0	1	0	1	1	1	1	0	1	0	1.942857	1.31083615384615	0.551256985259159	0.759579168586995
"Cottbus_random_28_12"	0	1	1	0	1	1	0	0	0	1	0	1	0	0	1	0	1	1	1	1	1	1	1	1	1	1	1	1	0	0	1.645684	1.15428647368421	0.313996563785285	0.840289909898926
"Cottbus_random_28_13"	0	1	1	0	1	1	0	0	0	1	0	1	0	0	1	0	1	1	1	1	1	0	1	1	1	1	1	1	0	0	1.616636	1.16590244444444	0.371066161780649	0.794836282663796
"Cottbus_random_28_14"	0	1	1	0	1	1	0	0	0	1	0	0	0	0	1	0	1	1	1	1	1	0	1	1	1	1	1	1	0	0	1.623246	1.14671417647059	0.358160223492073	0.788553952978515
"Cottbus_random_28_15"	0	1	1	0	1	1	0	0	0	1	0	0	0	0	1	0	1	1	1	0	1	0	1	1	1	1	1	1	0	0	1.591707	1.1342355	0.37862547745485	0.75561002254515
"Cottbus_random_28_16"	0	1	1	0	1	1	0	0	0	1	0	0	0	0	1	0	1	1	0	0	1	0	1	1	1	1	1	1	0	0	1.628981	1.14439073333333	0.37599846706987	0.768392266263463
"Cottbus_random_28_17"	0	0	1	0	1	1	0	0	0	1	0	0	0	0	1	0	1	1	0	0	1	0	1	1	1	1	1	1	0	0	1.590591	1.16074171428571	0.473664998577614	0.687076715708101
"Cottbus_random_28_18"	0	0	1	0	1	1	0	0	0	0	0	0	0	0	1	0	1	1	0	0	1	0	1	1	1	1	1	1	0	0	1.507849	1.14682453846154	0.543539462125562	0.603285076335976
"Cottbus_random_29_12"	1	0	0	1	1	1	1	0	0	1	0	1	0	1	1	0	1	1	0	0	0	1	1	1	1	1	0	1	1	1	1.822259	1.49159936842105	-0.080033268433546	1.5716326368546
"Cottbus_random_29_13"	1	0	0	1	1	1	1	0	0	1	0	1	0	1	1	0	1	1	0	0	0	1	1	1	1	0	0	1	1	1	1.817606	1.48660983333333	-0.163779482503555	1.65038931583689
"Cottbus_random_29_14"	1	0	0	1	1	1	1	0	0	0	0	1	0	1	1	0	1	1	0	0	0	1	1	1	1	0	0	1	1	1	1.899507	1.62695647058824	-0.139179849181787	1.76613631977002
"Cottbus_random_29_15"	1	0	0	1	1	1	1	0	0	0	0	1	0	1	0	0	1	1	0	0	0	1	1	1	1	0	0	1	1	1	1.882174	1.5930263125	-0.0438761299527617	1.63690244245276
"Cottbus_random_29_16"	1	0	0	1	1	1	1	0	0	0	0	1	0	1	0	0	1	1	0	0	0	0	1	1	1	0	0	1	1	1	1.617802	1.3909344	-0.125982582540614	1.51691698254061
"Cottbus_random_29_17"	0	0	0	1	1	1	1	0	0	0	0	1	0	1	0	0	1	1	0	0	0	0	1	1	1	0	0	1	1	1	1.619971	1.37694835714286	-0.198354054291777	1.57530241143463
"Cottbus_random_29_18"	0	0	0	1	1	1	1	0	0	0	0	1	0	1	0	0	1	1	0	0	0	0	1	1	1	0	0	0	1	1	1.622531	1.36834307692308	-0.184517077234876	1.55286015415795
"Cottbus_random_30_12"	1	1	1	1	0	0	1	0	0	0	1	0	0	1	0	1	1	1	1	1	1	0	1	1	1	0	1	1	1	0	1.607357	1.26295215789474	0.52867901611689	0.734273141777847
"Cottbus_random_30_13"	1	1	1	1	0	0	1	0	0	0	1	0	0	1	0	1	0	1	1	1	1	0	1	1	1	0	1	1	1	0	1.60392	1.25530227777778	0.523217202659858	0.732085075117919
"Cottbus_random_30_14"	1	1	1	1	0	0	1	0	0	0	1	0	0	1	0	1	0	1	1	1	1	0	1	1	1	0	1	0	1	0	1.599906	1.23653864705882	0.501306811204661	0.735231835854163
"Cottbus_random_30_15"	1	1	1	1	0	0	1	0	0	0	1	0	0	0	0	1	0	1	1	1	1	0	1	1	1	0	1	0	1	0	1.590816	1.2071190625	0.460098693500536	0.747020368999464
"Cottbus_random_30_16"	1	1	1	1	0	0	1	0	0	0	1	0	0	0	0	1	0	1	1	1	0	0	1	1	1	0	1	0	1	0	1.583049	1.17428586666667	0.471591065019898	0.702694801646769
"Cottbus_random_30_17"	1	1	1	1	0	0	0	0	0	0	1	0	0	0	0	1	0	1	1	1	0	0	1	1	1	0	1	0	1	0	1.593548	1.15911242857143	0.41344752682554	0.745664901745889
"Cottbus_random_30_18"	1	1	1	1	0	0	0	0	0	0	1	0	0	0	0	1	0	1	1	1	0	0	1	1	1	0	0	0	1	0	1.452676	1.08447023076923	0.0284016803948514	1.05606855037438
