"assemblage"	"AVir"	"PMon"	"TBac"	"AAlb"	"PCem"	"LDec"	"BPen"	"QRob"	"PAbi"	"PSyl"	"PNig"	"AInc"	"UGla"	"TPla"	"AGlu"	"QPub"	"SAri"	"PTre"	"APla"	"TCor"	"SAlb"	"QPet"	"CAve"	"SAuc"	"FSyl"	"ACam"	"CSat"	"APse"	"FExc"	"CBet"	"productivity"	"DeltaY"	"Selection"	"Complementarity"
"Schwerin_increasing_18"	1	1	1	1	1	1	1	1	1	1	1	1	1	0	0	0	0	0	0	0	0	0	0	0	0	0	0	0	0	0	1.647758	0.869543615384615	0.276903721998669	0.592639893385946
"Schwerin_decreasing_18"	0	0	0	0	0	0	0	0	0	0	0	0	0	0	0	0	0	1	1	1	1	1	1	1	1	1	1	1	1	1	1.751118	0.871324461538461	0.503551205187823	0.367773256350638
"Schwerin_random_1_18"	0	0	0	1	0	0	0	1	1	0	1	1	0	0	0	0	1	1	1	1	0	1	0	0	0	0	0	1	1	1	1.793819	1.02559461538462	0.531534840357287	0.494059775027328
"Schwerin_random_2_18"	0	0	0	1	0	1	0	0	1	0	0	0	1	0	0	1	0	0	1	1	0	1	0	0	0	1	1	1	1	1	1.443707	0.504890461538462	0.168996687894055	0.335893773644407
"Schwerin_random_3_18"	0	1	0	1	1	0	0	0	0	0	1	1	1	1	0	1	0	0	0	0	1	0	1	1	0	1	0	0	0	1	1.566407	1.00025930769231	-0.105030639108008	1.10528994680032
"Schwerin_random_4_18"	1	1	0	0	1	0	0	1	1	0	0	1	0	1	1	0	0	0	0	1	0	0	0	1	0	0	0	1	1	1	1.458606	0.819630230769231	0.495253023412108	0.324377207357122
"Schwerin_random_5_18"	0	0	0	1	0	1	1	1	0	0	0	1	1	0	1	0	0	1	1	0	0	0	1	1	0	0	1	0	0	1	1.350733	0.547543769230769	0.279302856373289	0.26824091285748
"Schwerin_random_6_18"	0	1	1	1	0	0	1	0	1	0	0	0	1	0	0	0	0	0	1	0	0	1	1	1	0	0	1	1	0	1	1.472025	0.687351846153846	0.465210567483487	0.22214127867036
"Schwerin_random_7_18"	1	0	0	1	0	0	0	1	1	1	0	0	0	1	1	0	1	1	0	0	1	0	0	0	1	0	0	0	1	1	2.235622	1.48500423076923	0.767882576619094	0.717121654150136
"Schwerin_random_8_18"	1	1	0	0	1	0	0	1	0	1	0	1	0	0	1	0	1	0	0	1	1	0	0	0	0	0	1	0	1	1	1.360504	0.659074076923077	0.415038181985763	0.244035894937314
"Schwerin_random_9_18"	1	1	0	0	0	1	1	1	0	0	1	0	1	0	1	1	1	0	0	0	1	1	0	0	0	0	0	0	1	0	1.83756	0.996499076923077	0.202424177717295	0.794074899205782
"Schwerin_random_10_18"	1	1	0	0	1	1	0	0	0	0	1	0	1	1	0	0	0	1	0	1	0	0	1	0	1	1	0	0	0	1	2.033711	1.12064138461538	0.41137239067799	0.709268993937394
"Schwerin_random_11_18"	1	1	0	0	0	0	1	0	0	1	0	0	0	0	1	0	1	1	0	0	0	1	0	1	1	1	1	1	0	0	1.76806	0.791044769230769	0.3796643082265	0.411380461004269
"Schwerin_random_12_18"	1	0	0	0	1	1	1	0	0	1	1	1	1	0	1	0	0	1	1	0	0	0	0	0	0	0	0	1	1	0	1.46493	0.736342538461539	-0.419981961413436	1.15632449987497
"Schwerin_random_13_18"	1	1	1	0	1	1	0	0	0	0	0	1	1	1	0	0	0	1	1	1	0	0	0	1	0	0	1	0	0	0	1.136327	0.327697538461539	0.246932444258899	0.0807650942026396
"Schwerin_random_14_18"	0	0	1	1	0	1	0	1	1	1	1	0	1	1	0	0	0	0	0	0	1	1	1	0	0	0	1	0	0	0	1.500763	0.698996846153846	0.35684830855504	0.342148537598806
"Schwerin_random_15_18"	0	1	0	1	1	1	0	1	0	0	0	1	0	0	1	1	0	1	1	0	0	1	0	0	0	1	0	0	0	1	1.874125	0.829874615384615	0.181195455223346	0.648679160161269
"Schwerin_random_16_18"	0	1	0	1	0	0	1	1	0	1	0	0	0	0	1	0	0	0	0	1	1	1	0	0	1	0	1	1	0	1	1.837832	0.790132384615385	0.305178523406471	0.484953861208913
"Schwerin_random_17_18"	1	0	1	0	1	1	0	0	1	1	0	1	0	0	0	0	1	0	0	0	1	0	0	1	0	1	0	1	1	0	1.449676	0.839860076923077	0.105259656143714	0.734600420779362
"Schwerin_random_18_18"	0	0	1	1	1	0	1	1	0	0	1	0	0	1	1	1	0	0	0	0	0	1	1	1	0	0	0	0	1	0	1.729787	1.03185661538462	0.462999032353746	0.568857583030869
"Schwerin_random_19_18"	1	1	1	1	0	0	0	1	1	0	0	1	0	0	1	0	1	0	0	0	0	1	1	1	1	0	0	0	0	0	2.166743	1.48624538461538	0.986263001724095	0.49998238289129
"Schwerin_random_20_18"	0	0	0	0	0	0	1	1	0	1	0	1	0	1	1	0	0	1	1	0	0	0	1	0	1	0	1	1	1	0	1.70622	0.859538769230769	0.531391199863271	0.328147569367498
"Schwerin_random_21_18"	1	0	1	0	0	0	0	0	0	1	0	1	0	0	0	0	1	0	1	1	0	0	1	1	0	0	1	1	1	1	1.19437	0.598108230769231	0.511316735448192	0.0867914953210388
"Schwerin_random_22_18"	1	1	0	1	1	0	0	0	1	0	0	0	0	1	1	1	1	1	0	0	1	0	1	0	0	0	1	0	0	0	1.114396	0.488449384615385	0.285885886078991	0.202563498536393
"Schwerin_random_23_18"	1	1	0	1	1	1	0	0	0	0	0	1	0	1	0	0	0	0	1	1	1	0	1	0	0	0	1	0	0	1	1.195011	0.516554615384615	0.35482475203497	0.161729863349645
"Schwerin_random_24_18"	0	1	0	1	1	1	0	0	0	0	0	0	1	0	1	0	0	0	0	0	1	1	1	1	0	0	1	1	1	0	1.394696	0.646631615384615	0.308136538821694	0.338495076562922
"Schwerin_random_25_18"	0	0	0	1	0	0	1	1	0	0	0	0	1	1	0	0	1	0	1	1	0	1	1	0	0	0	0	1	1	1	1.794846	1.015363	0.653751937531817	0.361611062468183
"Schwerin_random_26_18"	1	0	0	0	1	1	0	1	1	1	0	0	0	0	1	1	1	1	0	0	0	0	0	1	1	0	1	0	0	0	1.648001	0.610069461538462	0.261521034253853	0.348548427284608
"Schwerin_random_27_18"	0	0	1	0	0	0	0	1	0	0	0	0	0	1	0	1	1	1	0	1	0	1	0	1	1	1	1	0	1	0	1.828421	0.794804384615385	0.466831643120406	0.327972741494979
"Schwerin_random_28_18"	0	0	1	0	1	1	0	0	0	0	0	0	0	0	1	0	1	1	0	0	1	0	1	1	1	1	1	1	0	0	1.551882	0.727334923076923	0.387188986081182	0.340145936995741
"Schwerin_random_29_18"	0	0	0	1	1	1	1	0	0	0	0	1	0	1	0	0	1	1	0	0	0	0	1	1	1	0	0	0	1	1	2.61041	1.76622753846154	0.838740359231811	0.927487179229728
"Schwerin_random_30_18"	1	1	1	1	0	0	0	0	0	0	1	0	0	0	0	1	0	1	1	1	0	0	1	1	1	0	0	0	1	0	1.883155	1.15829707692308	0.54129624115136	0.617000835771717
