"assemblage"	"AVir"	"PMon"	"TBac"	"AAlb"	"PCem"	"LDec"	"BPen"	"QRob"	"PAbi"	"PSyl"	"PNig"	"AInc"	"UGla"	"TPla"	"AGlu"	"QPub"	"SAri"	"PTre"	"APla"	"TCor"	"SAlb"	"QPet"	"CAve"	"SAuc"	"FSyl"	"ACam"	"CSat"	"APse"	"FExc"	"CBet"	"productivity"	"DeltaY"	"Selection"	"Complementarity"
"Bern_increasing_12"	1	1	1	1	1	1	1	1	1	1	1	1	1	1	1	1	1	1	1	0	0	0	0	0	0	0	0	0	0	0	2.025099	0.381076157894737	0.0118590998496196	0.369217058045117
"Bern_increasing_13"	1	1	1	1	1	1	1	1	1	1	1	1	1	1	1	1	1	1	0	0	0	0	0	0	0	0	0	0	0	0	2.035089	0.369362777777778	-0.026677251245278	0.396040029023056
"Bern_increasing_14"	1	1	1	1	1	1	1	1	1	1	1	1	1	1	1	1	1	0	0	0	0	0	0	0	0	0	0	0	0	0	1.998792	0.384961294117647	0.0710441047277661	0.313917189389881
"Bern_increasing_15"	1	1	1	1	1	1	1	1	1	1	1	1	1	1	1	1	0	0	0	0	0	0	0	0	0	0	0	0	0	0	1.950389	0.28333425	-0.0801430845332628	0.363477334533263
"Bern_increasing_16"	1	1	1	1	1	1	1	1	1	1	1	1	1	1	1	0	0	0	0	0	0	0	0	0	0	0	0	0	0	0	1.913817	0.255051066666667	-0.037856174593052	0.292907241259719
"Bern_increasing_17"	1	1	1	1	1	1	1	1	1	1	1	1	1	1	0	0	0	0	0	0	0	0	0	0	0	0	0	0	0	0	1.961935	0.378757642857143	-0.00494604752702589	0.383703690384169
"Bern_increasing_18"	1	1	1	1	1	1	1	1	1	1	1	1	1	0	0	0	0	0	0	0	0	0	0	0	0	0	0	0	0	0	1.943362	0.313660307692308	0.0457164385610361	0.267943869131272
"Bern_decreasing_12"	0	0	0	0	0	0	0	0	0	0	0	1	1	1	1	1	1	1	1	1	1	1	1	1	1	1	1	1	1	1	2.710097	0.916900578947369	0.308179161420216	0.608721417527152
"Bern_decreasing_13"	0	0	0	0	0	0	0	0	0	0	0	0	1	1	1	1	1	1	1	1	1	1	1	1	1	1	1	1	1	1	2.623204	0.900796166666667	0.41071867888794	0.490077487778727
"Bern_decreasing_14"	0	0	0	0	0	0	0	0	0	0	0	0	0	1	1	1	1	1	1	1	1	1	1	1	1	1	1	1	1	1	2.694647	0.954266588235294	0.421869132394098	0.532397455841196
"Bern_decreasing_15"	0	0	0	0	0	0	0	0	0	0	0	0	0	0	1	1	1	1	1	1	1	1	1	1	1	1	1	1	1	1	2.766357	0.978350375	0.434645292347286	0.543705082652714
"Bern_decreasing_16"	0	0	0	0	0	0	0	0	0	0	0	0	0	0	0	1	1	1	1	1	1	1	1	1	1	1	1	1	1	1	2.727764	1.00169066666667	0.452651682744375	0.549038983922292
"Bern_decreasing_17"	0	0	0	0	0	0	0	0	0	0	0	0	0	0	0	0	1	1	1	1	1	1	1	1	1	1	1	1	1	1	2.746035	1.02462692857143	0.5159735527625	0.508653375808928
"Bern_decreasing_18"	0	0	0	0	0	0	0	0	0	0	0	0	0	0	0	0	0	1	1	1	1	1	1	1	1	1	1	1	1	1	2.750245	0.955055230769231	0.375709638970622	0.579345591798609
"Bern_random_1_12"	1	0	1	1	1	0	0	1	1	0	1	1	1	1	0	0	1	1	1	1	0	1	0	0	1	0	0	1	1	1	2.60542	0.942345052631579	0.465221638231493	0.477123414400086
"Bern_random_1_13"	1	0	1	1	0	0	0	1	1	0	1	1	1	1	0	0	1	1	1	1	0	1	0	0	1	0	0	1	1	1	2.753258	1.06300666666667	0.494918941873986	0.568087724792681
"Bern_random_1_14"	0	0	1	1	0	0	0	1	1	0	1	1	1	1	0	0	1	1	1	1	0	1	0	0	1	0	0	1	1	1	2.568871	0.780113352941176	0.263253232653972	0.516860120287205
"Bern_random_1_15"	0	0	0	1	0	0	0	1	1	0	1	1	1	1	0	0	1	1	1	1	0	1	0	0	1	0	0	1	1	1	2.601523	0.7543689375	0.192895585697537	0.561473351802462
"Bern_random_1_16"	0	0	0	1	0	0	0	1	1	0	1	1	1	1	0	0	1	1	1	1	0	1	0	0	0	0	0	1	1	1	2.131229	0.353576866666667	-0.086078876442244	0.439655743108911
"Bern_random_1_17"	0	0	0	1	0	0	0	1	1	0	1	1	0	1	0	0	1	1	1	1	0	1	0	0	0	0	0	1	1	1	2.203631	0.400209	-0.0603885644721494	0.46059756447215
"Bern_random_1_18"	0	0	0	1	0	0	0	1	1	0	1	1	0	0	0	0	1	1	1	1	0	1	0	0	0	0	0	1	1	1	2.180995	0.314106769230769	-0.153837998988021	0.46794476821879
"Bern_random_2_12"	1	0	1	1	0	1	1	0	1	0	0	0	1	0	0	1	1	0	1	1	0	1	0	1	1	1	1	1	1	1	2.435539	0.891311052631579	0.493439235947474	0.397871816684105
"Bern_random_2_13"	1	0	1	1	0	1	1	0	1	0	0	0	1	0	0	1	1	0	1	1	0	1	0	0	1	1	1	1	1	1	2.456697	0.853741611111111	0.443250993124662	0.410490617986449
"Bern_random_2_14"	1	0	1	1	0	1	0	0	1	0	0	0	1	0	0	1	1	0	1	1	0	1	0	0	1	1	1	1	1	1	2.515609	0.973163882352941	0.544027264874689	0.429136617478252
"Bern_random_2_15"	1	0	1	1	0	1	0	0	1	0	0	0	1	0	0	1	0	0	1	1	0	1	0	0	1	1	1	1	1	1	2.531132	0.9399244375	0.472277894894249	0.467646542605751
"Bern_random_2_16"	1	0	0	1	0	1	0	0	1	0	0	0	1	0	0	1	0	0	1	1	0	1	0	0	1	1	1	1	1	1	2.473159	0.832831933333334	0.389800785414241	0.443031147919093
"Bern_random_2_17"	0	0	0	1	0	1	0	0	1	0	0	0	1	0	0	1	0	0	1	1	0	1	0	0	1	1	1	1	1	1	2.462311	0.705935142857143	0.248090219935625	0.457844922921518
"Bern_random_2_18"	0	0	0	1	0	1	0	0	1	0	0	0	1	0	0	1	0	0	1	1	0	1	0	0	0	1	1	1	1	1	2.005416	0.336217615384615	-0.0516498771407054	0.387867492525321
"Bern_random_3_12"	0	1	0	1	1	1	0	0	0	0	1	1	1	1	0	1	0	1	0	0	1	1	1	1	1	1	0	1	1	1	3.196231	1.27619957894737	0.469825128417536	0.806374450529833
"Bern_random_3_13"	0	1	0	1	1	1	0	0	0	0	1	1	1	1	0	1	0	1	0	0	1	1	1	1	1	1	0	0	1	1	3.308297	1.36507427777778	0.559107076838418	0.80596720093936
"Bern_random_3_14"	0	1	0	1	1	1	0	0	0	0	1	1	1	1	0	1	0	1	0	0	1	1	1	1	1	1	0	0	0	1	3.269729	1.40184347058824	0.57965157365897	0.822191896929265
"Bern_random_3_15"	0	1	0	1	1	1	0	0	0	0	1	1	1	1	0	1	0	1	0	0	1	1	1	1	0	1	0	0	0	1	2.185209	0.3811858125	-0.270384402788868	0.651570215288868
"Bern_random_3_16"	0	1	0	1	1	1	0	0	0	0	1	1	1	1	0	1	0	0	0	0	1	1	1	1	0	1	0	0	0	1	2.350336	0.595907933333333	-0.0692363298420384	0.665144263175372
"Bern_random_3_17"	0	1	0	1	1	1	0	0	0	0	1	1	1	1	0	1	0	0	0	0	1	0	1	1	0	1	0	0	0	1	2.098775	0.362035928571429	-0.319578079203316	0.681614007774744
"Bern_random_3_18"	0	1	0	1	1	0	0	0	0	0	1	1	1	1	0	1	0	0	0	0	1	0	1	1	0	1	0	0	0	1	2.04587	0.366589	-0.322031323030102	0.688620323030102
"Bern_random_4_12"	1	1	0	0	1	0	1	1	1	1	1	1	0	1	1	0	1	0	0	1	1	0	1	1	0	0	0	1	1	1	2.169096	0.452812894736842	0.154462339810925	0.298350554925917
"Bern_random_4_13"	1	1	0	0	1	0	1	1	1	0	1	1	0	1	1	0	1	0	0	1	1	0	1	1	0	0	0	1	1	1	2.171179	0.444188944444445	0.163415488957847	0.280773455486597
"Bern_random_4_14"	1	1	0	0	1	0	1	1	1	0	1	1	0	1	1	0	0	0	0	1	1	0	1	1	0	0	0	1	1	1	2.158258	0.374518294117647	0.0813403518209363	0.293177942296711
"Bern_random_4_15"	1	1	0	0	1	0	1	1	1	0	1	1	0	1	1	0	0	0	0	1	1	0	0	1	0	0	0	1	1	1	2.210752	0.3181593125	-0.114633724144429	0.432793036644429
"Bern_random_4_16"	1	1	0	0	1	0	1	1	1	0	1	1	0	1	1	0	0	0	0	1	0	0	0	1	0	0	0	1	1	1	2.120635	0.371337266666667	0.0275137897432353	0.343823476923432
"Bern_random_4_17"	1	1	0	0	1	0	1	1	1	0	0	1	0	1	1	0	0	0	0	1	0	0	0	1	0	0	0	1	1	1	2.00901	0.361258142857143	0.0747587907158922	0.286499352141251
"Bern_random_4_18"	1	1	0	0	1	0	0	1	1	0	0	1	0	1	1	0	0	0	0	1	0	0	0	1	0	0	0	1	1	1	2.005441	0.433372076923077	0.185666776384244	0.247705300538833
"Bern_random_5_12"	0	1	0	1	1	1	1	1	0	0	0	1	1	1	1	1	0	1	1	0	1	0	1	1	0	0	1	1	0	1	1.843646	0.110177421052632	-0.605701913126493	0.715879334179125
"Bern_random_5_13"	0	1	0	1	1	1	1	1	0	0	0	1	1	1	1	1	0	1	1	0	1	0	1	1	0	0	1	0	0	1	1.746725	0.000429722222222339	-0.576049740109044	0.576479462331266
"Bern_random_5_14"	0	1	0	1	1	1	1	1	0	0	0	1	1	0	1	1	0	1	1	0	1	0	1	1	0	0	1	0	0	1	1.82147	0.0300021176470587	-0.591017178897746	0.621019296544805
"Bern_random_5_15"	0	1	0	1	1	1	1	1	0	0	0	1	1	0	1	0	0	1	1	0	1	0	1	1	0	0	1	0	0	1	1.846571	0.0550980625	-0.644193331112852	0.699291393612852
"Bern_random_5_16"	0	0	0	1	1	1	1	1	0	0	0	1	1	0	1	0	0	1	1	0	1	0	1	1	0	0	1	0	0	1	1.840168	0.0315518	-0.658277081284839	0.689828881284839
"Bern_random_5_17"	0	0	0	1	0	1	1	1	0	0	0	1	1	0	1	0	0	1	1	0	1	0	1	1	0	0	1	0	0	1	1.831689	-0.0222640714285713	-0.738078917683937	0.715814846255366
"Bern_random_5_18"	0	0	0	1	0	1	1	1	0	0	0	1	1	0	1	0	0	1	1	0	0	0	1	1	0	0	1	0	0	1	1.789415	0.103774538461538	-0.555549408088118	0.659323946549657
"Bern_random_6_12"	0	1	1	1	1	0	1	1	1	1	1	0	1	1	0	0	1	0	1	0	0	1	1	1	0	0	1	1	0	1	2.039005	0.656043105263158	0.291390395675406	0.364652709587752
"Bern_random_6_13"	0	1	1	1	1	0	1	0	1	1	1	0	1	1	0	0	1	0	1	0	0	1	1	1	0	0	1	1	0	1	2.016765	0.592234055555555	0.276729793426985	0.31550426212857
"Bern_random_6_14"	0	1	1	1	1	0	1	0	1	1	1	0	1	1	0	0	0	0	1	0	0	1	1	1	0	0	1	1	0	1	2.002281	0.538792117647059	0.215155700758872	0.323636416888187
"Bern_random_6_15"	0	1	1	1	1	0	1	0	1	0	1	0	1	1	0	0	0	0	1	0	0	1	1	1	0	0	1	1	0	1	2.03951	0.5797754375	0.240417995794045	0.339357441705955
"Bern_random_6_16"	0	1	1	1	1	0	1	0	1	0	0	0	1	1	0	0	0	0	1	0	0	1	1	1	0	0	1	1	0	1	1.889837	0.5441828	0.289504611547036	0.254678188452964
"Bern_random_6_17"	0	1	1	1	0	0	1	0	1	0	0	0	1	1	0	0	0	0	1	0	0	1	1	1	0	0	1	1	0	1	1.879646	0.521723642857143	0.272385237566865	0.249338405290278
"Bern_random_6_18"	0	1	1	1	0	0	1	0	1	0	0	0	1	0	0	0	0	0	1	0	0	1	1	1	0	0	1	1	0	1	1.875029	0.487909615384615	0.245003949534107	0.242905665850508
"Bern_random_7_12"	1	1	0	1	0	0	1	1	1	1	0	0	0	1	1	0	1	1	0	0	1	0	1	1	1	1	1	0	1	1	2.570506	0.936483947368421	0.485601486496086	0.450882460872335
"Bern_random_7_13"	1	0	0	1	0	0	1	1	1	1	0	0	0	1	1	0	1	1	0	0	1	0	1	1	1	1	1	0	1	1	2.585665	0.946104166666667	0.464968180987638	0.481135985679029
"Bern_random_7_14"	1	0	0	1	0	0	0	1	1	1	0	0	0	1	1	0	1	1	0	0	1	0	1	1	1	1	1	0	1	1	2.650007	1.06880317647059	0.575380535655386	0.493422640815202
"Bern_random_7_15"	1	0	0	1	0	0	0	1	1	1	0	0	0	1	1	0	1	1	0	0	1	0	1	0	1	1	1	0	1	1	2.600821	0.9512378125	0.336749654417265	0.614488158082735
"Bern_random_7_16"	1	0	0	1	0	0	0	1	1	1	0	0	0	1	1	0	1	1	0	0	1	0	1	0	1	0	1	0	1	1	2.525431	0.813078333333333	0.348770351260651	0.464307982072683
"Bern_random_7_17"	1	0	0	1	0	0	0	1	1	1	0	0	0	1	1	0	1	1	0	0	1	0	0	0	1	0	1	0	1	1	2.579144	0.747487	0.257163333312966	0.490323666687034
"Bern_random_7_18"	1	0	0	1	0	0	0	1	1	1	0	0	0	1	1	0	1	1	0	0	1	0	0	0	1	0	0	0	1	1	2.618665	0.739440692307692	0.222677895142438	0.516762797165254
"Bern_random_8_12"	1	1	0	1	1	1	0	1	1	1	1	1	0	0	1	0	1	1	0	1	1	0	0	0	0	1	1	0	1	1	2.119758	0.281705947368421	-0.180764693126795	0.462470640495216
"Bern_random_8_13"	1	1	0	1	1	0	0	1	1	1	1	1	0	0	1	0	1	1	0	1	1	0	0	0	0	1	1	0	1	1	2.118012	0.315828944444445	-0.161529422193182	0.477358366637626
"Bern_random_8_14"	1	1	0	1	1	0	0	1	1	1	1	1	0	0	1	0	1	1	0	1	1	0	0	0	0	0	1	0	1	1	2.106283	0.239738647058823	-0.192286225785357	0.43202487284418
"Bern_random_8_15"	1	1	0	1	1	0	0	1	1	1	0	1	0	0	1	0	1	1	0	1	1	0	0	0	0	0	1	0	1	1	2.037396	0.252376375	-0.151594265879728	0.403970640879728
"Bern_random_8_16"	1	1	0	1	1	0	0	1	0	1	0	1	0	0	1	0	1	1	0	1	1	0	0	0	0	0	1	0	1	1	1.921166	0.1289174	-0.755434799265295	0.884352199265295
"Bern_random_8_17"	1	1	0	1	1	0	0	1	0	1	0	1	0	0	1	0	1	0	0	1	1	0	0	0	0	0	1	0	1	1	1.934099	0.195829071428572	-0.693042152607097	0.888871224035669
"Bern_random_8_18"	1	1	0	0	1	0	0	1	0	1	0	1	0	0	1	0	1	0	0	1	1	0	0	0	0	0	1	0	1	1	1.924708	0.129836384615385	-0.611232879335063	0.741069263950448
"Bern_random_9_12"	1	1	0	0	0	1	1	1	0	0	1	0	1	1	1	1	1	0	0	0	1	1	1	1	1	1	1	0	1	0	2.757901	1.03447452631579	0.447156988871032	0.587317537444758
"Bern_random_9_13"	1	1	0	0	0	1	1	1	0	0	1	0	1	0	1	1	1	0	0	0	1	1	1	1	1	1	1	0	1	0	2.769958	1.005139	0.387216576004527	0.617922423995473
"Bern_random_9_14"	1	1	0	0	0	1	1	1	0	0	1	0	1	0	1	1	1	0	0	0	1	1	1	1	1	1	0	0	1	0	3.353782	1.55651964705882	0.800788637360918	0.755731009697905
"Bern_random_9_15"	1	1	0	0	0	1	1	1	0	0	1	0	1	0	1	1	1	0	0	0	1	1	1	0	1	1	0	0	1	0	3.310281	1.431135625	0.776426018019367	0.654709606980634
"Bern_random_9_16"	1	1	0	0	0	1	1	1	0	0	1	0	1	0	1	1	1	0	0	0	1	1	1	0	1	0	0	0	1	0	3.422201	1.464982	0.767538382086408	0.697443617913592
"Bern_random_9_17"	1	1	0	0	0	1	1	1	0	0	1	0	1	0	1	1	1	0	0	0	1	1	1	0	0	0	0	0	1	0	2.828358	0.937743571428572	0.356032199065143	0.581711372363429
"Bern_random_9_18"	1	1	0	0	0	1	1	1	0	0	1	0	1	0	1	1	1	0	0	0	1	1	0	0	0	0	0	0	1	0	2.791693	0.758884538461538	0.135114028229013	0.623770510232526
"Bern_random_10_12"	1	1	0	1	1	1	0	0	0	0	1	0	1	1	1	1	1	1	0	1	1	0	1	1	1	1	0	0	0	1	3.227906	1.58637810526316	0.810014256258141	0.776363849005017
"Bern_random_10_13"	1	1	0	1	1	1	0	0	0	0	1	0	1	1	0	1	1	1	0	1	1	0	1	1	1	1	0	0	0	1	3.131332	1.54955288888889	0.817312143300266	0.732240745588623
"Bern_random_10_14"	1	1	0	1	1	1	0	0	0	0	1	0	1	1	0	1	0	1	0	1	1	0	1	1	1	1	0	0	0	1	3.150181	1.52019405882353	0.770646276144058	0.749547782679472
"Bern_random_10_15"	1	1	0	1	1	1	0	0	0	0	1	0	1	1	0	1	0	1	0	1	1	0	1	0	1	1	0	0	0	1	3.208854	1.50743875	0.70405223079778	0.803386519202221
"Bern_random_10_16"	1	1	0	1	1	1	0	0	0	0	1	0	1	1	0	1	0	1	0	1	0	0	1	0	1	1	0	0	0	1	3.086083	1.54070786666667	0.827595283611972	0.713112583054695
"Bern_random_10_17"	1	1	0	1	1	1	0	0	0	0	1	0	1	1	0	0	0	1	0	1	0	0	1	0	1	1	0	0	0	1	3.030015	1.50221214285714	0.809749023934397	0.692463118922747
"Bern_random_10_18"	1	1	0	0	1	1	0	0	0	0	1	0	1	1	0	0	0	1	0	1	0	0	1	0	1	1	0	0	0	1	3.062532	1.49431723076923	0.891070506895801	0.60324672387343
"Bern_random_11_12"	1	1	0	0	0	0	1	0	0	1	0	1	1	0	1	1	1	1	0	1	0	1	1	1	1	1	1	1	1	0	2.624676	0.98854947368421	0.495255950615319	0.493293523068891
"Bern_random_11_13"	1	1	0	0	0	0	1	0	0	1	0	1	0	0	1	1	1	1	0	1	0	1	1	1	1	1	1	1	1	0	2.614766	0.966458777777778	0.49511605829318	0.471342719484597
"Bern_random_11_14"	1	1	0	0	0	0	1	0	0	1	0	1	0	0	1	1	1	1	0	1	0	1	0	1	1	1	1	1	1	0	2.559014	0.816223529411765	0.403362665016499	0.412860864395266
"Bern_random_11_15"	1	1	0	0	0	0	1	0	0	1	0	1	0	0	1	1	1	1	0	0	0	1	0	1	1	1	1	1	1	0	2.557431	0.7688126875	0.337976003062726	0.430836684437274
"Bern_random_11_16"	1	1	0	0	0	0	1	0	0	1	0	0	0	0	1	1	1	1	0	0	0	1	0	1	1	1	1	1	1	0	2.669914	0.9665472	0.492724343243929	0.473822856756071
"Bern_random_11_17"	1	1	0	0	0	0	1	0	0	1	0	0	0	0	1	1	1	1	0	0	0	1	0	1	1	1	1	1	0	0	2.521116	0.926362642857143	0.489755235601061	0.436607407256082
"Bern_random_11_18"	1	1	0	0	0	0	1	0	0	1	0	0	0	0	1	0	1	1	0	0	0	1	0	1	1	1	1	1	0	0	2.548337	0.968709307692308	0.536721895716734	0.431987411975574
"Bern_random_12_12"	1	0	1	0	1	1	1	0	0	1	1	1	1	1	1	1	0	1	1	0	0	0	1	0	1	0	1	1	1	0	2.694162	0.878492947368421	0.27579379160951	0.602699155758912
"Bern_random_12_13"	1	0	1	0	1	1	1	0	0	1	1	1	1	1	1	1	0	1	1	0	0	0	1	0	1	0	0	1	1	0	3.114967	1.265832	0.59625244889	0.66957955111
"Bern_random_12_14"	1	0	0	0	1	1	1	0	0	1	1	1	1	1	1	1	0	1	1	0	0	0	1	0	1	0	0	1	1	0	3.145815	1.23816705882353	0.508526757001096	0.729640301822434
"Bern_random_12_15"	1	0	0	0	1	1	1	0	0	1	1	1	1	1	1	1	0	1	1	0	0	0	1	0	0	0	0	1	1	0	2.142627	0.29635625	-0.279142276623852	0.575498526623852
"Bern_random_12_16"	1	0	0	0	1	1	1	0	0	1	1	1	1	0	1	1	0	1	1	0	0	0	1	0	0	0	0	1	1	0	2.524764	0.6206326	0.00927264815487789	0.611359951845122
"Bern_random_12_17"	1	0	0	0	1	1	1	0	0	1	1	1	1	0	1	1	0	1	1	0	0	0	0	0	0	0	0	1	1	0	2.507476	0.470341785714285	-0.182596247910235	0.65293803362452
"Bern_random_12_18"	1	0	0	0	1	1	1	0	0	1	1	1	1	0	1	0	0	1	1	0	0	0	0	0	0	0	0	1	1	0	2.50889	0.452852153846154	-0.200715455724206	0.65356760957036
"Bern_random_13_12"	1	1	1	0	1	1	0	0	0	1	0	1	1	1	0	1	0	1	1	1	0	0	1	1	0	0	1	1	1	1	1.76733	0.265477368421053	-0.0329854175182106	0.298462785939263
"Bern_random_13_13"	1	1	1	0	1	1	0	0	0	1	0	1	1	1	0	1	0	1	1	1	0	0	0	1	0	0	1	1	1	1	1.798351	0.215400555555556	-0.137336540292013	0.352737095847569
"Bern_random_13_14"	1	1	1	0	1	1	0	0	0	1	0	1	1	1	0	1	0	1	1	1	0	0	0	1	0	0	1	1	0	1	1.580433	0.0940122352941175	-0.1649353082388	0.258947543532917
"Bern_random_13_15"	1	1	1	0	1	1	0	0	0	1	0	1	1	1	0	1	0	1	1	1	0	0	0	1	0	0	1	0	0	1	1.506449	0.0210386874999998	-0.200530918280559	0.221569605780559
"Bern_random_13_16"	1	1	1	0	1	1	0	0	0	1	0	1	1	1	0	0	0	1	1	1	0	0	0	1	0	0	1	0	0	1	1.522101	0.0570891333333334	-0.183590161544525	0.240679294877858
"Bern_random_13_17"	1	1	1	0	1	1	0	0	0	0	0	1	1	1	0	0	0	1	1	1	0	0	0	1	0	0	1	0	0	1	1.502672	0.0418420000000001	-0.172183297179265	0.214025297179265
"Bern_random_13_18"	1	1	1	0	1	1	0	0	0	0	0	1	1	1	0	0	0	1	1	1	0	0	0	1	0	0	1	0	0	0	1.3834	-0.00397507692307713	-0.18063516360892	0.176660086685843
"Bern_random_14_12"	0	1	1	1	1	1	1	1	1	1	1	1	1	1	0	0	0	1	0	1	1	1	1	0	0	0	1	0	0	0	2.016464	0.279316684210526	-0.155636511476453	0.434953195686979
"Bern_random_14_13"	0	1	1	1	0	1	1	1	1	1	1	1	1	1	0	0	0	1	0	1	1	1	1	0	0	0	1	0	0	0	2.004575	0.236136166666667	-0.246995165398577	0.483131332065243
"Bern_random_14_14"	0	1	1	1	0	1	1	1	1	1	1	1	1	1	0	0	0	0	0	1	1	1	1	0	0	0	1	0	0	0	2.014729	0.292143764705882	-0.123708817333783	0.415852582039665
"Bern_random_14_15"	0	1	1	1	0	1	1	1	1	1	1	1	1	1	0	0	0	0	0	0	1	1	1	0	0	0	1	0	0	0	2.00642	0.23926975	-0.211359993690017	0.450629743690017
"Bern_random_14_16"	0	1	1	1	0	1	0	1	1	1	1	1	1	1	0	0	0	0	0	0	1	1	1	0	0	0	1	0	0	0	2.025554	0.316035733333333	-0.0822214864974494	0.398257219830783
"Bern_random_14_17"	0	1	1	1	0	1	0	1	1	1	1	0	1	1	0	0	0	0	0	0	1	1	1	0	0	0	1	0	0	0	1.993131	0.380603642857143	-0.0286114424914353	0.409215085348578
"Bern_random_14_18"	0	0	1	1	0	1	0	1	1	1	1	0	1	1	0	0	0	0	0	0	1	1	1	0	0	0	1	0	0	0	1.987723	0.36918	0.00603129497602673	0.363148705023973
"Bern_random_15_12"	1	1	1	1	1	1	1	1	0	0	0	1	1	0	1	1	1	1	1	0	0	1	1	0	0	1	0	0	0	1	2.363261	0.834053578947368	0.0026047691099624	0.831448809837406
"Bern_random_15_13"	0	1	1	1	1	1	1	1	0	0	0	1	1	0	1	1	1	1	1	0	0	1	1	0	0	1	0	0	0	1	2.307239	0.693944722222222	-0.223815108703538	0.91775983092576
"Bern_random_15_14"	0	1	1	1	1	1	1	1	0	0	0	1	1	0	1	1	0	1	1	0	0	1	1	0	0	1	0	0	0	1	2.274027	0.610671058823529	-0.284777253594794	0.895448312418323
"Bern_random_15_15"	0	1	1	1	1	1	1	1	0	0	0	1	0	0	1	1	0	1	1	0	0	1	1	0	0	1	0	0	0	1	2.420123	0.7413619375	-0.228873267447134	0.970235204947134
"Bern_random_15_16"	0	1	1	1	1	1	0	1	0	0	0	1	0	0	1	1	0	1	1	0	0	1	1	0	0	1	0	0	0	1	2.299873	0.684636533333333	-0.309985820071122	0.994622353404456
"Bern_random_15_17"	0	1	1	1	1	1	0	1	0	0	0	1	0	0	1	1	0	1	1	0	0	1	0	0	0	1	0	0	0	1	2.433808	0.706204071428572	-0.433499128538515	1.13970319996709
"Bern_random_15_18"	0	1	0	1	1	1	0	1	0	0	0	1	0	0	1	1	0	1	1	0	0	1	0	0	0	1	0	0	0	1	2.537953	0.743180692307692	-0.381673344739741	1.12485403704743
"Bern_random_16_12"	0	1	0	1	1	0	1	1	0	1	0	1	1	0	1	0	0	0	1	1	1	1	1	0	1	0	1	1	1	1	2.781161	0.923466684210526	-0.0639935581184376	0.987460242328964
"Bern_random_16_13"	0	1	0	1	1	0	1	1	0	1	0	0	1	0	1	0	0	0	1	1	1	1	1	0	1	0	1	1	1	1	2.773688	0.983199055555556	0.138514022031124	0.844685033524432
"Bern_random_16_14"	0	1	0	1	1	0	1	1	0	1	0	0	0	0	1	0	0	0	1	1	1	1	1	0	1	0	1	1	1	1	2.826359	1.01389270588235	0.149150996625661	0.864741709256691
"Bern_random_16_15"	0	1	0	1	1	0	1	1	0	1	0	0	0	0	1	0	0	0	1	1	1	1	1	0	1	0	1	1	0	1	2.610026	0.88577775	0.0923623558568033	0.793415394143197
"Bern_random_16_16"	0	1	0	1	1	0	1	1	0	1	0	0	0	0	1	0	0	0	0	1	1	1	1	0	1	0	1	1	0	1	2.762389	1.00674833333333	0.0826357781676301	0.924112555165703
"Bern_random_16_17"	0	1	0	1	0	0	1	1	0	1	0	0	0	0	1	0	0	0	0	1	1	1	1	0	1	0	1	1	0	1	2.630117	0.832923428571429	0.0339064368932909	0.799016991678138
"Bern_random_16_18"	0	1	0	1	0	0	1	1	0	1	0	0	0	0	1	0	0	0	0	1	1	1	0	0	1	0	1	1	0	1	2.69731	0.765108615384615	-0.129052051987729	0.894160667372344
"Bern_random_17_12"	1	0	1	1	1	1	0	0	1	1	1	1	0	0	0	0	1	0	0	0	1	1	1	1	0	1	1	1	1	1	2.086167	0.435232894736842	0.134238252086449	0.300994642650394
"Bern_random_17_13"	1	0	1	0	1	1	0	0	1	1	1	1	0	0	0	0	1	0	0	0	1	1	1	1	0	1	1	1	1	1	2.085637	0.398675888888889	0.128527561553157	0.270148327335732
"Bern_random_17_14"	1	0	1	0	1	1	0	0	1	1	1	1	0	0	0	0	1	0	0	0	1	1	1	1	0	1	0	1	1	1	2.226617	0.511792411764706	0.282082275791699	0.229710135973007
"Bern_random_17_15"	1	0	1	0	1	1	0	0	1	1	1	1	0	0	0	0	1	0	0	0	1	1	1	1	0	1	0	1	1	0	2.123394	0.452376875	0.293495750765049	0.158881124234952
"Bern_random_17_16"	1	0	1	0	1	1	0	0	1	1	1	1	0	0	0	0	1	0	0	0	1	0	1	1	0	1	0	1	1	0	2.132372	0.483425333333333	0.299907849241974	0.18351748409136
"Bern_random_17_17"	1	0	1	0	1	1	0	0	1	1	1	1	0	0	0	0	1	0	0	0	1	0	0	1	0	1	0	1	1	0	2.159465	0.395743	0.178002826275635	0.217740173724365
"Bern_random_17_18"	1	0	1	0	1	1	0	0	1	1	0	1	0	0	0	0	1	0	0	0	1	0	0	1	0	1	0	1	1	0	1.892485	0.237010538461539	0.169464117926472	0.0675464205350661
"Bern_random_18_12"	0	0	1	1	1	0	1	1	0	1	1	0	1	1	1	1	1	0	0	0	0	1	1	1	1	1	1	0	1	0	2.715746	1.17765415789474	0.537031408900786	0.640622748993951
"Bern_random_18_13"	0	0	1	1	1	0	1	1	0	1	1	0	0	1	1	1	1	0	0	0	0	1	1	1	1	1	1	0	1	0	2.784089	1.23926283333333	0.472346632453282	0.766916200880051
"Bern_random_18_14"	0	0	1	1	1	0	1	1	0	1	1	0	0	1	1	1	0	0	0	0	0	1	1	1	1	1	1	0	1	0	2.731989	1.14112870588235	0.505024003976136	0.636104701906217
"Bern_random_18_15"	0	0	1	1	1	0	1	1	0	0	1	0	0	1	1	1	0	0	0	0	0	1	1	1	1	1	1	0	1	0	2.692507	1.0974403125	0.456967589424675	0.640472723075325
"Bern_random_18_16"	0	0	1	1	1	0	1	1	0	0	1	0	0	1	1	1	0	0	0	0	0	1	1	1	1	1	0	0	1	0	3.117902	1.497383	0.737202150561541	0.760180849438459
"Bern_random_18_17"	0	0	1	1	1	0	1	1	0	0	1	0	0	1	1	1	0	0	0	0	0	1	1	1	0	1	0	0	1	0	2.422038	0.892173571428572	0.180923158152086	0.711250413276485
"Bern_random_18_18"	0	0	1	1	1	0	1	1	0	0	1	0	0	1	1	1	0	0	0	0	0	1	1	1	0	0	0	0	1	0	2.381506	0.788424384615384	0.0442072246991267	0.744217159916258
"Bern_random_19_12"	1	1	1	1	0	0	0	1	1	0	1	1	1	1	1	1	1	1	0	0	1	1	1	1	1	0	0	0	0	0	2.724523	1.059613	0.542642106933972	0.516970893066028
"Bern_random_19_13"	1	1	1	1	0	0	0	1	1	0	0	1	1	1	1	1	1	1	0	0	1	1	1	1	1	0	0	0	0	0	2.550255	0.969013333333333	0.533708339198716	0.435304994134617
"Bern_random_19_14"	1	1	1	1	0	0	0	1	1	0	0	1	1	0	1	1	1	1	0	0	1	1	1	1	1	0	0	0	0	0	2.515961	0.899255764705882	0.493974440398406	0.405281324307476
"Bern_random_19_15"	1	1	1	1	0	0	0	1	1	0	0	1	1	0	1	1	1	0	0	0	1	1	1	1	1	0	0	0	0	0	2.496066	0.9375635625	0.513077198786257	0.424486363713744
"Bern_random_19_16"	1	1	1	1	0	0	0	1	1	0	0	1	0	0	1	1	1	0	0	0	1	1	1	1	1	0	0	0	0	0	2.537002	0.969057666666667	0.568913860798219	0.400143805868448
"Bern_random_19_17"	1	1	1	1	0	0	0	1	1	0	0	1	0	0	1	0	1	0	0	0	1	1	1	1	1	0	0	0	0	0	2.510575	0.958590857142857	0.525490476529444	0.433100380613414
"Bern_random_19_18"	1	1	1	1	0	0	0	1	1	0	0	1	0	0	1	0	1	0	0	0	0	1	1	1	1	0	0	0	0	0	2.379211	1.01876784615385	0.693651591409166	0.32511625474468
"Bern_random_20_12"	1	1	1	1	1	0	1	1	0	1	1	1	0	1	1	0	0	1	1	0	0	0	1	0	1	0	1	1	1	0	2.648692	0.965678947368421	0.216925064871993	0.748753882496428
"Bern_random_20_13"	1	1	1	1	1	0	1	1	0	1	0	1	0	1	1	0	0	1	1	0	0	0	1	0	1	0	1	1	1	0	2.609138	1.00878755555556	0.206499480215118	0.802288075340438
"Bern_random_20_14"	1	1	1	0	1	0	1	1	0	1	0	1	0	1	1	0	0	1	1	0	0	0	1	0	1	0	1	1	1	0	2.507321	0.871799823529412	0.203549405509033	0.668250418020379
"Bern_random_20_15"	0	1	1	0	1	0	1	1	0	1	0	1	0	1	1	0	0	1	1	0	0	0	1	0	1	0	1	1	1	0	2.562276	0.8255125	0.125055972351747	0.700456527648253
"Bern_random_20_16"	0	1	1	0	0	0	1	1	0	1	0	1	0	1	1	0	0	1	1	0	0	0	1	0	1	0	1	1	1	0	2.521814	0.747526266666667	0.0330342269819088	0.714492039684758
"Bern_random_20_17"	0	1	0	0	0	0	1	1	0	1	0	1	0	1	1	0	0	1	1	0	0	0	1	0	1	0	1	1	1	0	2.550594	0.710601071428572	-0.131487400842527	0.842088472271099
"Bern_random_20_18"	0	0	0	0	0	0	1	1	0	1	0	1	0	1	1	0	0	1	1	0	0	0	1	0	1	0	1	1	1	0	2.561042	0.697536076923077	-0.151793428673726	0.849329505596803
"Bern_random_21_12"	1	0	1	1	0	1	0	0	0	1	0	1	1	1	1	0	1	1	1	1	0	0	1	1	0	0	1	1	1	1	1.85908	0.358170052631579	-0.0626929163949017	0.420862969026481
"Bern_random_21_13"	1	0	1	1	0	1	0	0	0	1	0	1	1	1	1	0	1	0	1	1	0	0	1	1	0	0	1	1	1	1	1.910897	0.468155944444444	0.00112430287144905	0.467031641572995
"Bern_random_21_14"	1	0	1	1	0	0	0	0	0	1	0	1	1	1	1	0	1	0	1	1	0	0	1	1	0	0	1	1	1	1	1.801642	0.420133470588235	0.0779121196537739	0.342221350934461
"Bern_random_21_15"	1	0	1	1	0	0	0	0	0	1	0	1	1	1	0	0	1	0	1	1	0	0	1	1	0	0	1	1	1	1	1.824361	0.5263210625	0.168812995674392	0.357508066825608
"Bern_random_21_16"	1	0	1	1	0	0	0	0	0	1	0	1	0	1	0	0	1	0	1	1	0	0	1	1	0	0	1	1	1	1	1.730239	0.440121333333333	0.14815092548605	0.291970407847284
"Bern_random_21_17"	1	0	1	0	0	0	0	0	0	1	0	1	0	1	0	0	1	0	1	1	0	0	1	1	0	0	1	1	1	1	1.687517	0.3768515	0.189398791680098	0.187452708319903
"Bern_random_21_18"	1	0	1	0	0	0	0	0	0	1	0	1	0	0	0	0	1	0	1	1	0	0	1	1	0	0	1	1	1	1	1.715152	0.378924615384615	0.184642809192919	0.194281806191696
"Bern_random_22_12"	1	1	1	1	1	1	0	1	1	1	0	1	0	1	1	1	1	1	1	0	1	0	1	0	0	0	1	0	0	0	1.885815	0.342952842105263	0.0159623910175637	0.3269904510877
"Bern_random_22_13"	1	1	1	1	1	1	0	1	1	1	0	0	0	1	1	1	1	1	1	0	1	0	1	0	0	0	1	0	0	0	1.870307	0.412140888888889	0.0847724746605023	0.327368414228386
"Bern_random_22_14"	1	1	1	1	1	1	0	1	1	1	0	0	0	1	1	1	1	1	0	0	1	0	1	0	0	0	1	0	0	0	1.851807	0.381593588235294	0.0916027295119566	0.289990858723337
"Bern_random_22_15"	1	1	1	1	1	1	0	0	1	1	0	0	0	1	1	1	1	1	0	0	1	0	1	0	0	0	1	0	0	0	1.89493	0.3724981875	0.0800035103688012	0.292494677131199
"Bern_random_22_16"	1	1	0	1	1	1	0	0	1	1	0	0	0	1	1	1	1	1	0	0	1	0	1	0	0	0	1	0	0	0	1.822978	0.256011733333333	0.0222079776962375	0.233803755637096
"Bern_random_22_17"	1	1	0	1	1	0	0	0	1	1	0	0	0	1	1	1	1	1	0	0	1	0	1	0	0	0	1	0	0	0	1.912761	0.411275285714286	0.121439022485	0.289836263229286
"Bern_random_22_18"	1	1	0	1	1	0	0	0	1	0	0	0	0	1	1	1	1	1	0	0	1	0	1	0	0	0	1	0	0	0	1.811931	0.312143153846153	0.0936406104287736	0.21850254341738
"Bern_random_23_12"	1	1	0	1	1	1	1	0	1	1	0	1	0	1	0	0	1	0	1	1	1	0	1	1	0	1	1	0	0	1	1.893213	0.418423631578947	0.154110063636602	0.264313567942346
"Bern_random_23_13"	1	1	0	1	1	1	0	0	1	1	0	1	0	1	0	0	1	0	1	1	1	0	1	1	0	1	1	0	0	1	1.856273	0.445752555555556	0.203560896253281	0.242191659302275
"Bern_random_23_14"	1	1	0	1	1	1	0	0	1	1	0	1	0	1	0	0	1	0	1	1	1	0	1	1	0	0	1	0	0	1	1.920565	0.468722235294118	0.175189543193276	0.293532692100842
"Bern_random_23_15"	1	1	0	1	1	1	0	0	1	0	0	1	0	1	0	0	1	0	1	1	1	0	1	1	0	0	1	0	0	1	1.901141	0.4537804375	0.184118092955229	0.269662344544771
"Bern_random_23_16"	1	1	0	1	1	1	0	0	1	0	0	1	0	1	0	0	0	0	1	1	1	0	1	1	0	0	1	0	0	1	1.844894	0.351859133333333	0.115965575138207	0.235893558195126
"Bern_random_23_17"	1	1	0	1	1	1	0	0	0	0	0	1	0	1	0	0	0	0	1	1	1	0	1	1	0	0	1	0	0	1	1.550323	0.0703988571428572	-0.187146683260479	0.257545540403337
"Bern_random_23_18"	1	1	0	1	1	1	0	0	0	0	0	1	0	1	0	0	0	0	1	1	1	0	1	0	0	0	1	0	0	1	1.547144	-0.00914861538461553	-0.299078192816648	0.289929577432033
"Bern_random_24_12"	0	1	0	1	1	1	1	0	1	0	0	1	1	0	1	0	0	1	0	1	1	1	1	1	0	1	1	1	1	0	2.02122	0.20635	-0.170772493938188	0.377122493938188
"Bern_random_24_13"	0	1	0	1	1	1	1	0	1	0	0	1	1	0	1	0	0	1	0	1	1	1	1	1	0	0	1	1	1	0	2.018419	0.1420585	-0.252558250110998	0.394616750110998
"Bern_random_24_14"	0	1	0	1	1	1	1	0	1	0	0	1	1	0	1	0	0	1	0	0	1	1	1	1	0	0	1	1	1	0	2.028228	0.100878352941176	-0.306967244939473	0.40784559788065
"Bern_random_24_15"	0	1	0	1	1	1	1	0	1	0	0	0	1	0	1	0	0	1	0	0	1	1	1	1	0	0	1	1	1	0	2.012371	0.1562739375	-0.219562111424059	0.375836048924059
"Bern_random_24_16"	0	1	0	1	1	1	1	0	1	0	0	0	1	0	1	0	0	0	0	0	1	1	1	1	0	0	1	1	1	0	1.982299	0.172325466666667	-0.173796832351951	0.346122299018618
"Bern_random_24_17"	0	1	0	1	1	1	0	0	1	0	0	0	1	0	1	0	0	0	0	0	1	1	1	1	0	0	1	1	1	0	2.037526	0.286242214285714	-0.0810038373957018	0.367246051681416
"Bern_random_24_18"	0	1	0	1	1	1	0	0	0	0	0	0	1	0	1	0	0	0	0	0	1	1	1	1	0	0	1	1	1	0	2.012008	0.254978153846154	-0.150255331257969	0.405233485104123
"Bern_random_25_12"	0	0	0	1	0	0	1	1	1	0	1	1	1	1	1	1	1	0	1	1	0	1	1	0	1	0	0	1	1	1	2.728022	0.928620421052632	0.32289282970518	0.605727591347452
"Bern_random_25_13"	0	0	0	1	0	0	1	1	1	0	0	1	1	1	1	1	1	0	1	1	0	1	1	0	1	0	0	1	1	1	2.55746	0.834255	0.294577597417098	0.539677402582902
"Bern_random_25_14"	0	0	0	1	0	0	1	1	1	0	0	1	1	1	1	1	1	0	1	1	0	1	1	0	0	0	0	1	1	1	2.08558	0.430991352941176	0.013562419115245	0.417428933825931
"Bern_random_25_15"	0	0	0	1	0	0	1	1	1	0	0	1	1	1	0	1	1	0	1	1	0	1	1	0	0	0	0	1	1	1	2.061353	0.4731654375	0.0647853786609422	0.408380058839058
"Bern_random_25_16"	0	0	0	1	0	0	1	1	1	0	0	0	1	1	0	1	1	0	1	1	0	1	1	0	0	0	0	1	1	1	1.959581	0.470007	0.175466205248991	0.294540794751009
"Bern_random_25_17"	0	0	0	1	0	0	1	1	0	0	0	0	1	1	0	1	1	0	1	1	0	1	1	0	0	0	0	1	1	1	2.217403	0.741186928571429	-0.0980670902757055	0.839254018847134
"Bern_random_25_18"	0	0	0	1	0	0	1	1	0	0	0	0	1	1	0	0	1	0	1	1	0	1	1	0	0	0	0	1	1	1	2.241994	0.790021846153846	-0.0766865569800227	0.866708403133869
"Bern_random_26_12"	1	1	1	0	1	1	1	1	1	1	0	0	1	0	1	1	1	1	0	0	0	0	0	1	1	0	1	1	1	0	2.517305	0.881485315789474	0.469491360089518	0.411993955699956
"Bern_random_26_13"	1	0	1	0	1	1	1	1	1	1	0	0	1	0	1	1	1	1	0	0	0	0	0	1	1	0	1	1	1	0	2.520882	0.879423666666667	0.424755659299688	0.454668007366979
"Bern_random_26_14"	1	0	1	0	1	1	1	1	1	1	0	0	1	0	1	1	1	1	0	0	0	0	0	1	1	0	1	0	1	0	2.504139	0.854511823529412	0.450048354959771	0.40446346856964
"Bern_random_26_15"	1	0	1	0	1	1	1	1	1	1	0	0	0	0	1	1	1	1	0	0	0	0	0	1	1	0	1	0	1	0	2.45588	0.79170575	0.421770034386855	0.369935715613145
"Bern_random_26_16"	1	0	1	0	1	1	0	1	1	1	0	0	0	0	1	1	1	1	0	0	0	0	0	1	1	0	1	0	1	0	2.454743	0.8550658	0.518779703288819	0.336286096711181
"Bern_random_26_17"	1	0	1	0	1	1	0	1	1	1	0	0	0	0	1	1	1	1	0	0	0	0	0	1	1	0	1	0	0	0	2.436247	0.952589642857143	0.572882001676734	0.379707641180409
"Bern_random_26_18"	1	0	0	0	1	1	0	1	1	1	0	0	0	0	1	1	1	1	0	0	0	0	0	1	1	0	1	0	0	0	2.396429	0.864368384615384	0.513987742771088	0.350380641844296
"Bern_random_27_12"	0	0	1	0	0	0	1	1	0	0	1	1	0	1	0	1	1	1	0	1	0	1	1	1	1	1	1	1	1	1	2.726964	1.04627047368421	0.350341699980147	0.695928773704063
"Bern_random_27_13"	0	0	1	0	0	0	1	1	0	0	1	1	0	1	0	1	1	1	0	1	0	1	0	1	1	1	1	1	1	1	2.728119	0.956392055555556	0.245559131405128	0.710832924150427
"Bern_random_27_14"	0	0	1	0	0	0	1	1	0	0	1	1	0	1	0	1	1	1	0	1	0	1	0	1	1	1	1	0	1	1	2.721146	0.933587352941176	0.286914453250542	0.646672899690634
"Bern_random_27_15"	0	0	1	0	0	0	1	1	0	0	0	1	0	1	0	1	1	1	0	1	0	1	0	1	1	1	1	0	1	1	2.62313	0.9220326875	0.217049918904346	0.704982768595654
"Bern_random_27_16"	0	0	1	0	0	0	1	1	0	0	0	1	0	1	0	1	1	1	0	1	0	1	0	1	1	1	1	0	1	0	2.586232	0.9327778	0.270891838258366	0.661885961741634
"Bern_random_27_17"	0	0	1	0	0	0	1	1	0	0	0	0	0	1	0	1	1	1	0	1	0	1	0	1	1	1	1	0	1	0	2.622604	1.07014528571429	0.334701699942239	0.735443585772047
"Bern_random_27_18"	0	0	1	0	0	0	0	1	0	0	0	0	0	1	0	1	1	1	0	1	0	1	0	1	1	1	1	0	1	0	2.566154	1.09670846153846	0.43549575751237	0.661212704026091
"Bern_random_28_12"	0	1	1	0	1	1	0	0	0	1	0	1	0	0	1	0	1	1	1	1	1	1	1	1	1	1	1	1	0	0	2.504013	0.829576052631579	0.333535246942609	0.49604080568897
"Bern_random_28_13"	0	1	1	0	1	1	0	0	0	1	0	1	0	0	1	0	1	1	1	1	1	0	1	1	1	1	1	1	0	0	2.488786	0.832551111111111	0.343051369261722	0.489499741849389
"Bern_random_28_14"	0	1	1	0	1	1	0	0	0	1	0	0	0	0	1	0	1	1	1	1	1	0	1	1	1	1	1	1	0	0	2.409054	0.835828294117647	0.415252426186839	0.420575867930808
"Bern_random_28_15"	0	1	1	0	1	1	0	0	0	1	0	0	0	0	1	0	1	1	1	0	1	0	1	1	1	1	1	1	0	0	2.370203	0.76174725	0.352632142278276	0.409115107721724
"Bern_random_28_16"	0	1	1	0	1	1	0	0	0	1	0	0	0	0	1	0	1	1	0	0	1	0	1	1	1	1	1	1	0	0	2.335209	0.703080333333333	0.325964049471537	0.377116283861796
"Bern_random_28_17"	0	0	1	0	1	1	0	0	0	1	0	0	0	0	1	0	1	1	0	0	1	0	1	1	1	1	1	1	0	0	2.353243	0.714128285714286	0.350217615006447	0.363910670707839
"Bern_random_28_18"	0	0	1	0	1	1	0	0	0	0	0	0	0	0	1	0	1	1	0	0	1	0	1	1	1	1	1	1	0	0	2.377476	0.729472307692308	0.326381720634699	0.403090587057608
"Bern_random_29_12"	1	0	0	1	1	1	1	0	0	1	0	1	0	1	1	0	1	1	0	0	0	1	1	1	1	1	0	1	1	1	3.096368	1.40293963157895	0.736486795497008	0.666452836081939
"Bern_random_29_13"	1	0	0	1	1	1	1	0	0	1	0	1	0	1	1	0	1	1	0	0	0	1	1	1	1	0	0	1	1	1	3.100177	1.35200488888889	0.710505020753733	0.641499868135156
"Bern_random_29_14"	1	0	0	1	1	1	1	0	0	0	0	1	0	1	1	0	1	1	0	0	0	1	1	1	1	0	0	1	1	1	3.191033	1.42964829411765	0.710452087086815	0.719196207030831
"Bern_random_29_15"	1	0	0	1	1	1	1	0	0	0	0	1	0	1	0	0	1	1	0	0	0	1	1	1	1	0	0	1	1	1	3.034037	1.332378625	0.710255261053538	0.622123363946462
"Bern_random_29_16"	1	0	0	1	1	1	1	0	0	0	0	1	0	1	0	0	1	1	0	0	0	0	1	1	1	0	0	1	1	1	3.100339	1.41870833333333	0.734408592721123	0.68429974061221
"Bern_random_29_17"	0	0	0	1	1	1	1	0	0	0	0	1	0	1	0	0	1	1	0	0	0	0	1	1	1	0	0	1	1	1	3.14948	1.34885028571429	0.604427871683311	0.744422414030974
"Bern_random_29_18"	0	0	0	1	1	1	1	0	0	0	0	1	0	1	0	0	1	1	0	0	0	0	1	1	1	0	0	0	1	1	3.227916	1.40436	0.687637142768465	0.716722857231535
"Bern_random_30_12"	1	1	1	1	0	0	1	0	0	0	1	0	0	1	0	1	1	1	1	1	1	0	1	1	1	0	1	1	1	0	2.56599	0.936884578947368	0.401459776776937	0.535424802170431
"Bern_random_30_13"	1	1	1	1	0	0	1	0	0	0	1	0	0	1	0	1	0	1	1	1	1	0	1	1	1	0	1	1	1	0	2.669908	0.992643722222222	0.424713345536685	0.567930376685537
"Bern_random_30_14"	1	1	1	1	0	0	1	0	0	0	1	0	0	1	0	1	0	1	1	1	1	0	1	1	1	0	1	0	1	0	2.541679	0.854139647058824	0.337753953354359	0.516385693704465
"Bern_random_30_15"	1	1	1	1	0	0	1	0	0	0	1	0	0	0	0	1	0	1	1	1	1	0	1	1	1	0	1	0	1	0	2.618447	0.886584	0.363977046255325	0.522606953744675
"Bern_random_30_16"	1	1	1	1	0	0	1	0	0	0	1	0	0	0	0	1	0	1	1	1	0	0	1	1	1	0	1	0	1	0	2.512517	0.934664266666667	0.48384981915713	0.450814447509536
"Bern_random_30_17"	1	1	1	1	0	0	0	0	0	0	1	0	0	0	0	1	0	1	1	1	0	0	1	1	1	0	1	0	1	0	2.537263	1.03468007142857	0.58257314410866	0.452106927319911
"Bern_random_30_18"	1	1	1	1	0	0	0	0	0	0	1	0	0	0	0	1	0	1	1	1	0	0	1	1	1	0	0	0	1	0	3.368386	1.84354915384615	1.19967266326584	0.643876490580317
