"assemblage"	"AVir"	"PMon"	"TBac"	"AAlb"	"PCem"	"LDec"	"BPen"	"QRob"	"PAbi"	"PSyl"	"PNig"	"AInc"	"UGla"	"TPla"	"AGlu"	"QPub"	"SAri"	"PTre"	"APla"	"TCor"	"SAlb"	"QPet"	"CAve"	"SAuc"	"FSyl"	"ACam"	"CSat"	"APse"	"FExc"	"CBet"	"productivity"	"DeltaY"	"Selection"	"Complementarity"
"Davos_increasing_13"	1	1	0	1	1	1	1	0	1	1	1	1	0	0	1	0	1	1	0	0	0	0	0	0	0	0	0	0	0	0	1.540659	1.09578569230769	-0.153335730984119	1.24912142329181
"Davos_decreasing_13"	0	0	0	0	0	0	0	0	0	0	0	0	0	0	1	0	1	1	0	0	0	1	1	1	1	0	0	1	0	1	1.249203	2.35294977777778	-0.441438641281673	2.79438841905945
"Davos_random_1_13"	1	0	0	1	0	0	0	0	1	0	1	1	0	0	0	0	1	1	0	0	0	1	0	0	1	0	0	1	0	1	1.53909	2.01847790909091	-0.139900251923645	2.15837816101455
"Davos_random_2_13"	1	0	0	1	0	1	1	0	1	0	0	0	0	0	0	0	1	0	0	0	0	1	0	0	1	0	0	1	0	1	1.507836	2.1422325	0.0674975224681784	2.07473497753182
"Davos_random_3_13"	0	1	0	1	1	1	0	0	0	0	1	1	0	0	0	0	0	1	0	0	0	1	1	1	1	0	0	0	0	1	1.816925	1.96134725	-0.233377514491716	2.19472476449172
"Davos_random_4_13"	1	1	0	0	1	0	1	0	1	0	1	1	0	0	1	0	1	0	0	0	0	0	1	1	0	0	0	1	0	1	1.533825	1.40763446153846	-0.218029808108855	1.62566426964732
"Davos_random_5_13"	0	1	0	1	1	1	1	0	0	0	0	1	0	0	1	0	0	1	0	0	0	0	1	1	0	0	0	0	0	1	1.747911	1.94421927272727	-1.28143138029428	3.22565065302155
"Davos_random_6_13"	0	1	0	1	1	0	1	0	1	1	1	0	0	0	0	0	1	0	0	0	0	1	1	1	0	0	0	1	0	1	1.495312	1.41423853846154	-0.579979470281363	1.9942180087429
"Davos_random_7_13"	1	0	0	1	0	0	1	0	1	1	0	0	0	0	1	0	1	1	0	0	0	0	1	1	1	0	0	0	0	1	1.544645	1.82170108333333	0.58540776689185	1.23629331644148
"Davos_random_8_13"	1	1	0	1	1	0	0	0	1	1	1	1	0	0	1	0	1	1	0	0	0	0	0	0	0	0	0	0	0	1	1.513539	1.47472891666667	-0.258774677324371	1.73350359399104
"Davos_random_9_13"	1	1	0	0	0	1	1	0	0	0	1	0	0	0	1	0	1	0	0	0	0	1	1	1	1	0	0	0	0	0	1.952422	2.59322836363636	-2.05523901801257	4.64846738164893
"Davos_random_10_13"	1	1	0	1	1	1	0	0	0	0	1	0	0	0	0	0	1	1	0	0	0	0	1	1	1	0	0	0	0	1	1.854363	2.14676941666667	-0.064104158478835	2.2108735751455
"Davos_random_11_13"	1	1	0	0	0	0	1	0	0	1	0	1	0	0	1	0	1	1	0	0	0	1	1	1	1	0	0	1	0	0	1.919431	2.08201246153846	-2.81646038933546	4.89847285087393
"Davos_random_12_13"	1	0	0	0	1	1	1	0	0	1	1	1	0	0	1	0	0	1	0	0	0	0	1	0	1	0	0	1	0	0	1.827706	1.86429883333333	-2.48704703233731	4.35134586567065
"Davos_random_13_13"	1	1	0	0	1	1	0	0	0	1	0	1	0	0	0	0	0	1	0	0	0	0	0	1	0	0	0	1	0	1	1.803012	2.3014599	-0.908134150217698	3.2095940502177
"Davos_random_14_13"	0	1	0	1	0	1	1	0	1	1	1	1	0	0	0	0	0	1	0	0	0	1	1	0	0	0	0	0	0	0	1.524721	1.43269481818182	0.603900655605858	0.82879416257596
"Davos_random_15_13"	0	1	0	1	1	1	1	0	0	0	0	1	0	0	1	0	1	1	0	0	0	1	1	0	0	0	0	0	0	1	1.881032	1.99995866666667	-1.41491013441533	3.41486880108199
"Davos_random_16_13"	0	1	0	1	1	0	1	0	0	1	0	0	0	0	1	0	0	0	0	0	0	1	1	0	1	0	0	1	0	1	1.731395	2.29300418181818	-0.819514767386964	3.11251894920515
"Davos_random_17_13"	1	0	0	0	1	1	0	0	1	1	1	1	0	0	0	0	1	0	0	0	0	1	1	1	0	0	0	1	0	1	1.52518	1.39290315384615	-0.202860827202818	1.59576398104897
"Davos_random_18_13"	0	0	0	1	1	0	1	0	0	1	1	0	0	0	1	0	1	0	0	0	0	1	1	1	1	0	0	0	0	0	1.660815	2.20235063636364	0.472200104722129	1.73015053164151
"Davos_random_19_13"	1	1	0	1	0	0	0	0	1	0	0	1	0	0	1	0	1	1	0	0	0	1	1	1	1	0	0	0	0	0	1.520489	1.76332216666667	1.07341689205082	0.689905274615848
"Davos_random_20_13"	1	1	0	1	1	0	1	0	0	1	0	1	0	0	1	0	0	1	0	0	0	0	1	0	1	0	0	1	0	0	1.648347	1.72496658333333	-1.76879032031152	3.49375690364486
"Davos_random_21_13"	1	0	0	1	0	1	0	0	0	1	0	1	0	0	1	0	1	0	0	0	0	0	1	1	0	0	0	1	0	1	1.923186	2.65018636363636	-2.38977149275194	5.03995785638831
"Davos_random_22_13"	1	1	0	1	1	1	0	0	1	1	0	0	0	0	1	0	1	1	0	0	0	0	1	0	0	0	0	0	0	0	1.494058	1.62117418181818	0.716989496691202	0.90418468512698
"Davos_random_23_13"	1	1	0	1	1	1	0	0	1	1	0	1	0	0	0	0	1	0	0	0	0	0	1	1	0	0	0	0	0	1	1.532293	1.47063183333333	0.0495880165218409	1.42104381681149
"Davos_random_24_13"	0	1	0	1	1	1	1	0	1	0	0	1	0	0	1	0	0	1	0	0	0	1	1	1	0	0	0	1	0	0	1.531917	1.23180730769231	-0.428429859189101	1.66023716688141
"Davos_random_25_13"	0	0	0	1	0	0	1	0	1	0	0	1	0	0	1	0	1	0	0	0	0	1	1	0	1	0	0	1	0	1	1.514115	2.01170590909091	0.66865812447843	1.34304778461248
"Davos_random_26_13"	1	0	0	0	1	1	1	0	1	1	0	0	0	0	1	0	1	1	0	0	0	0	0	1	1	0	0	1	0	0	1.525154	1.48799958333333	-0.130175550545506	1.61817513387884
"Davos_random_27_13"	0	0	0	0	0	0	1	0	0	0	1	1	0	0	0	0	1	1	0	0	0	1	0	1	1	0	0	1	0	1	1.978259	2.9873487	-3.18672983383043	6.17407853383043
"Davos_random_28_13"	0	1	0	0	1	1	0	0	0	1	0	1	0	0	1	0	1	1	0	0	0	0	1	1	1	0	0	1	0	0	1.830862	1.97576591666667	-0.84182429819893	2.8175902148656
"Davos_random_29_13"	1	0	0	1	1	1	1	0	0	1	0	1	0	0	1	0	1	1	0	0	0	1	1	1	1	0	0	1	0	1	1.770097	1.3690499375	-1.31079053324752	2.67984047074752
"Davos_random_30_13"	1	1	0	1	0	0	1	0	0	0	1	0	0	0	0	0	0	1	0	0	0	0	1	1	1	0	0	1	0	0	1.738515	2.5633866	-2.57493382031041	5.13832042031041
