"assemblage"	"AVir"	"PMon"	"TBac"	"AAlb"	"PCem"	"LDec"	"BPen"	"QRob"	"PAbi"	"PSyl"	"PNig"	"AInc"	"UGla"	"TPla"	"AGlu"	"QPub"	"SAri"	"PTre"	"APla"	"TCor"	"SAlb"	"QPet"	"CAve"	"SAuc"	"FSyl"	"ACam"	"CSat"	"APse"	"FExc"	"CBet"	"productivity"	"DeltaY"	"Selection"	"Complementarity"
"Huttwil_increasing_14"	1	1	1	1	1	1	1	1	1	1	1	1	1	1	1	1	1	0	0	0	0	0	0	0	0	0	0	0	0	0	2.21916	0.498004823529412	0.113332277628041	0.384672545901371
"Huttwil_decreasing_14"	0	0	0	0	0	0	0	0	0	0	0	0	0	1	1	1	1	1	1	1	1	1	1	1	1	1	1	1	1	1	2.839188	1.02169411764706	0.450837836002627	0.570856281644432
"Huttwil_random_1_14"	0	0	1	1	0	0	0	1	1	0	1	1	1	1	0	0	1	1	1	1	0	1	0	0	1	0	0	1	1	1	2.916294	1.00394647058824	0.42949074727044	0.574455723317795
"Huttwil_random_2_14"	1	0	1	1	0	1	0	0	1	0	0	0	1	0	0	1	1	0	1	1	0	1	0	0	1	1	1	1	1	1	2.61772	1.05155194117647	0.633430952505343	0.418120988671128
"Huttwil_random_3_14"	0	1	0	1	1	1	0	0	0	0	1	1	1	1	0	1	0	1	0	0	1	1	1	1	1	1	0	0	0	1	3.348016	1.43022458823529	0.632640648376364	0.79758393985893
"Huttwil_random_4_14"	1	1	0	0	1	0	1	1	1	0	1	1	0	1	1	0	0	0	0	1	1	0	1	1	0	0	0	1	1	1	2.372352	0.428620294117647	0.106746153987731	0.321874140129916
"Huttwil_random_5_14"	0	1	0	1	1	1	1	1	0	0	0	1	1	0	1	1	0	1	1	0	1	0	1	1	0	0	1	0	0	1	1.86176	-0.0435275882352941	-0.568236686199905	0.524709097964611
"Huttwil_random_6_14"	0	1	1	1	1	0	1	0	1	1	1	0	1	1	0	0	0	0	1	0	0	1	1	1	0	0	1	1	0	1	2.190673	0.720722882352941	0.335756747016554	0.384966135336388
"Huttwil_random_7_14"	1	0	0	1	0	0	0	1	1	1	0	0	0	1	1	0	1	1	0	0	1	0	1	1	1	1	1	0	1	1	2.865673	1.15159788235294	0.618429549413557	0.533168332939384
"Huttwil_random_8_14"	1	1	0	1	1	0	0	1	1	1	1	1	0	0	1	0	1	1	0	1	1	0	0	0	0	0	1	0	1	1	2.301997	0.292062647058823	-0.14116556399695	0.433228211055773
"Huttwil_random_9_14"	1	1	0	0	0	1	1	1	0	0	1	0	1	0	1	1	1	0	0	0	1	1	1	1	1	1	0	0	1	0	3.55906	1.60606829411765	1.00552195600634	0.600546338111309
"Huttwil_random_10_14"	1	1	0	1	1	1	0	0	0	0	1	0	1	1	0	1	0	1	0	1	1	0	1	1	1	1	0	0	0	1	3.455406	1.79364305882353	0.991604150896009	0.802038907927521
"Huttwil_random_11_14"	1	1	0	0	0	0	1	0	0	1	0	1	0	0	1	1	1	1	0	1	0	1	0	1	1	1	1	1	1	0	2.768111	0.952018647058823	0.461927792798405	0.490090854260419
"Huttwil_random_12_14"	1	0	0	0	1	1	1	0	0	1	1	1	1	1	1	1	0	1	1	0	0	0	1	0	1	0	0	1	1	0	3.332966	1.34652888235294	0.622339271312708	0.724189611040233
"Huttwil_random_13_14"	1	1	1	0	1	1	0	0	0	1	0	1	1	1	0	1	0	1	1	1	0	0	0	1	0	0	1	1	0	1	1.586297	0.0892381176470589	-0.176242070765691	0.26548018841275
"Huttwil_random_14_14"	0	1	1	1	0	1	1	1	1	1	1	1	1	1	0	0	0	0	0	1	1	1	1	0	0	0	1	0	0	0	2.155109	0.300796705882353	-0.140255670579361	0.441052376461714
"Huttwil_random_15_14"	0	1	1	1	1	1	1	1	0	0	0	1	1	0	1	1	0	1	1	0	0	1	1	0	0	1	0	0	0	1	2.38947	0.643755823529412	-0.127822499668394	0.771578323197806
"Huttwil_random_16_14"	0	1	0	1	1	0	1	1	0	1	0	0	0	0	1	0	0	0	1	1	1	1	1	0	1	0	1	1	1	1	2.918073	0.995174352941176	0.310946510873111	0.684227842068065
"Huttwil_random_17_14"	1	0	1	0	1	1	0	0	1	1	1	1	0	0	0	0	1	0	0	0	1	1	1	1	0	1	0	1	1	1	2.475254	0.685648470588235	0.393971267062343	0.291677203525892
"Huttwil_random_18_14"	0	0	1	1	1	0	1	1	0	1	1	0	0	1	1	1	0	0	0	0	0	1	1	1	1	1	1	0	1	0	2.899453	1.20647776470588	0.696391455619322	0.51008630908656
"Huttwil_random_19_14"	1	1	1	1	0	0	0	1	1	0	0	1	1	0	1	1	1	1	0	0	1	1	1	1	1	0	0	0	0	0	2.781427	1.02845276470588	0.586226148651798	0.442226616054084
"Huttwil_random_20_14"	1	1	1	0	1	0	1	1	0	1	0	1	0	1	1	0	0	1	1	0	0	0	1	0	1	0	1	1	1	0	2.616261	0.863557529411765	0.432634144232237	0.430923385179527
"Huttwil_random_21_14"	1	0	1	1	0	0	0	0	0	1	0	1	1	1	1	0	1	0	1	1	0	0	1	1	0	0	1	1	1	1	1.926088	0.498018	0.0634571846344731	0.434560815365527
"Huttwil_random_22_14"	1	1	1	1	1	1	0	1	1	1	0	0	0	1	1	1	1	1	0	0	1	0	1	0	0	0	1	0	0	0	1.980477	0.418162941176471	0.164605368398117	0.253557572778353
"Huttwil_random_23_14"	1	1	0	1	1	1	0	0	1	1	0	1	0	1	0	0	1	0	1	1	1	0	1	1	0	0	1	0	0	1	2.064196	0.581735	0.236909871643294	0.344825128356706
"Huttwil_random_24_14"	0	1	0	1	1	1	1	0	1	0	0	1	1	0	1	0	0	1	0	0	1	1	1	1	0	0	1	1	1	0	2.14982	0.152106352941176	-0.277567464169115	0.429673817110292
"Huttwil_random_25_14"	0	0	0	1	0	0	1	1	1	0	0	1	1	1	1	1	1	0	1	1	0	1	1	0	0	0	0	1	1	1	2.211725	0.435338647058824	0.0299156009702156	0.405423046088608
"Huttwil_random_26_14"	1	0	1	0	1	1	1	1	1	1	0	0	1	0	1	1	1	1	0	0	0	0	0	1	1	0	1	0	1	0	2.767628	1.00878170588235	0.55713115969511	0.451650546187243
"Huttwil_random_27_14"	0	0	1	0	0	0	1	1	0	0	1	1	0	1	0	1	1	1	0	1	0	1	0	1	1	1	1	0	1	1	2.863448	0.93986105882353	0.414198440053535	0.525662618769995
"Huttwil_random_28_14"	0	1	1	0	1	1	0	0	0	1	0	0	0	0	1	0	1	1	1	1	1	0	1	1	1	1	1	1	0	0	2.645901	1.02701970588235	0.560188247365087	0.466831458517266
"Huttwil_random_29_14"	1	0	0	1	1	1	1	0	0	0	0	1	0	1	1	0	1	1	0	0	0	1	1	1	1	0	0	1	1	1	3.355741	1.55052294117647	0.842035450673853	0.708487490502617
"Huttwil_random_30_14"	1	1	1	1	0	0	1	0	0	0	1	0	0	1	0	1	0	1	1	1	1	0	1	1	1	0	1	0	1	0	2.70991	0.950965647058824	0.408634463845428	0.542331183213396
