"assemblage"	"AVir"	"PMon"	"TBac"	"AAlb"	"PCem"	"LDec"	"BPen"	"QRob"	"PAbi"	"PSyl"	"PNig"	"AInc"	"UGla"	"TPla"	"AGlu"	"QPub"	"SAri"	"PTre"	"APla"	"TCor"	"SAlb"	"QPet"	"CAve"	"SAuc"	"FSyl"	"ACam"	"CSat"	"APse"	"FExc"	"CBet"	"productivity"	"DeltaY"	"Selection"	"Complementarity"
"GrandeDixence_increasing_12"	1	1	0	1	1	1	1	0	1	1	0	1	0	0	0	0	0	1	0	0	0	0	0	0	0	0	0	0	0	0	1.235487	1.8980609	0.844779412929643	1.05328148707036
"GrandeDixence_increasing_13"	1	1	0	1	1	1	1	0	1	1	0	1	0	0	0	0	0	1	0	0	0	0	0	0	0	0	0	0	0	0	1.219498	1.745732	0.107494873565718	1.63823712643428
"GrandeDixence_increasing_14"	1	1	0	1	1	1	1	0	1	1	0	1	0	0	0	0	0	0	0	0	0	0	0	0	0	0	0	0	0	0	1.237632	1.83866144444444	-0.00174925254557745	1.84041069699002
"GrandeDixence_increasing_15"	1	1	0	1	1	1	1	0	1	1	0	1	0	0	0	0	0	0	0	0	0	0	0	0	0	0	0	0	0	0	1.241691	1.70836277777778	-0.505255167842528	2.21361794562031
"GrandeDixence_increasing_16"	1	1	0	1	1	1	1	0	1	1	0	1	0	0	0	0	0	0	0	0	0	0	0	0	0	0	0	0	0	0	1.195819	1.49394377777778	0.0980617311680609	1.39588204660972
"GrandeDixence_increasing_17"	1	1	0	1	1	1	1	0	1	1	0	1	0	0	0	0	0	0	0	0	0	0	0	0	0	0	0	0	0	0	1.227543	1.41042344444444	0.476929447126603	0.933493997317842
"GrandeDixence_increasing_18"	1	1	0	1	1	1	1	0	1	1	0	1	0	0	0	0	0	0	0	0	0	0	0	0	0	0	0	0	0	0	1.230672	1.27854944444444	0.136236300291334	1.14231314415311
"GrandeDixence_decreasing_12"	0	0	0	0	0	0	0	0	0	0	0	1	0	0	0	0	0	1	0	0	0	0	0	1	0	0	0	0	0	0	0.016819	0.10106	-0.00228617305490389	0.103346173054904
"GrandeDixence_decreasing_13"	0	0	0	0	0	0	0	0	0	0	0	0	0	0	0	0	0	1	0	0	0	0	0	1	0	0	0	0	0	0	0.014667	0.1247945	-0.00799529674445685	0.132789796744457
"GrandeDixence_decreasing_14"	0	0	0	0	0	0	0	0	0	0	0	0	0	0	0	0	0	1	0	0	0	0	0	1	0	0	0	0	0	0	0.014694	0.1176905	-0.00714320074831541	0.124833700748315
"GrandeDixence_decreasing_15"	0	0	0	0	0	0	0	0	0	0	0	0	0	0	0	0	0	1	0	0	0	0	0	1	0	0	0	0	0	0	0.014737	0.1106875	-0.000288417873869504	0.110975917873869
"GrandeDixence_decreasing_16"	0	0	0	0	0	0	0	0	0	0	0	0	0	0	0	0	0	1	0	0	0	0	0	1	0	0	0	0	0	0	0.01487	0.1043165	-0.00437213450280814	0.108688634502808
"GrandeDixence_decreasing_17"	0	0	0	0	0	0	0	0	0	0	0	0	0	0	0	0	0	1	0	0	0	0	0	1	0	0	0	0	0	0	0.014708	0.0957475	-0.000547831370581765	0.0962953313705818
"GrandeDixence_decreasing_18"	0	0	0	0	0	0	0	0	0	0	0	0	0	0	0	0	0	1	0	0	0	0	0	1	0	0	0	0	0	0	0.015241	0.091858	-0.00737442511708643	0.0992324251170865
"GrandeDixence_random_1_12"	1	0	0	1	1	0	0	0	1	0	0	1	0	0	0	0	0	1	0	0	0	0	0	0	0	0	0	0	0	0	1.179003	3.382012	0.398610600681946	2.98340139931805
"GrandeDixence_random_1_13"	1	0	0	1	0	0	0	0	1	0	0	1	0	0	0	0	0	1	0	0	0	0	0	0	0	0	0	0	0	0	0.668919	2.2555954	0.14344846760975	2.11214693239025
"GrandeDixence_random_1_14"	0	0	0	1	0	0	0	0	1	0	0	1	0	0	0	0	0	1	0	0	0	0	0	0	0	0	0	0	0	0	0.647073	2.586236	0.326092175277406	2.26014382472259
"GrandeDixence_random_1_15"	0	0	0	1	0	0	0	0	1	0	0	1	0	0	0	0	0	1	0	0	0	0	0	0	0	0	0	0	0	0	0.653004	2.44819175	0.0742842043664611	2.37390754563354
"GrandeDixence_random_1_16"	0	0	0	1	0	0	0	0	1	0	0	1	0	0	0	0	0	1	0	0	0	0	0	0	0	0	0	0	0	0	0.656915	2.299607	0.720215744456217	1.57939125554378
"GrandeDixence_random_1_17"	0	0	0	1	0	0	0	0	1	0	0	1	0	0	0	0	0	1	0	0	0	0	0	0	0	0	0	0	0	0	0.645585	2.09572325	-0.095771052620742	2.19149430262074
"GrandeDixence_random_1_18"	0	0	0	1	0	0	0	0	1	0	0	1	0	0	0	0	0	1	0	0	0	0	0	0	0	0	0	0	0	0	0.649492	1.94702475	0.166176310014771	1.78084843998523
"GrandeDixence_random_2_12"	1	0	0	1	0	1	1	0	1	0	0	0	0	0	0	0	0	0	0	0	0	0	0	1	0	0	0	0	0	0	1.050684	2.9518695	0.843887785288453	2.10798171471155
"GrandeDixence_random_2_13"	1	0	0	1	0	1	1	0	1	0	0	0	0	0	0	0	0	0	0	0	0	0	0	0	0	0	0	0	0	0	1.044771	3.3133326	-0.0887405837427535	3.40207318374275
"GrandeDixence_random_2_14"	1	0	0	1	0	1	0	0	1	0	0	0	0	0	0	0	0	0	0	0	0	0	0	0	0	0	0	0	0	0	1.062639	3.9570415	-1.61484790419029	5.57188940419029
"GrandeDixence_random_2_15"	1	0	0	1	0	1	0	0	1	0	0	0	0	0	0	0	0	0	0	0	0	0	0	0	0	0	0	0	0	0	1.086214	3.78568175	-0.0519251153652305	3.83760686536523
"GrandeDixence_random_2_16"	1	0	0	1	0	1	0	0	1	0	0	0	0	0	0	0	0	0	0	0	0	0	0	0	0	0	0	0	0	0	1.089047	3.524752	0.754774219501053	2.76997778049895
"GrandeDixence_random_2_17"	0	0	0	1	0	1	0	0	1	0	0	0	0	0	0	0	0	0	0	0	0	0	0	0	0	0	0	0	0	0	1.080064	4.330489	-0.775312963561558	5.10580196356156
"GrandeDixence_random_2_18"	0	0	0	1	0	1	0	0	1	0	0	0	0	0	0	0	0	0	0	0	0	0	0	0	0	0	0	0	0	0	1.084672	3.99043566666667	-5.03943932713954	9.02987499380621
"GrandeDixence_random_3_12"	0	1	0	1	1	1	0	0	0	0	0	1	0	0	0	0	0	1	0	0	0	0	0	1	0	0	0	0	0	0	1.414094	3.30364771428571	-0.371832111613636	3.67547982589935
"GrandeDixence_random_3_13"	0	1	0	1	1	1	0	0	0	0	0	1	0	0	0	0	0	1	0	0	0	0	0	1	0	0	0	0	0	0	1.50758	3.34202685714286	1.2566287099044	2.08539814723846
"GrandeDixence_random_3_14"	0	1	0	1	1	1	0	0	0	0	0	1	0	0	0	0	0	1	0	0	0	0	0	1	0	0	0	0	0	0	1.446042	2.97720885714286	-0.111529056882254	3.08873791402511
"GrandeDixence_random_3_15"	0	1	0	1	1	1	0	0	0	0	0	1	0	0	0	0	0	1	0	0	0	0	0	1	0	0	0	0	0	0	1.482213	2.853308	-0.0979950304522053	2.95130303045221
"GrandeDixence_random_3_16"	0	1	0	1	1	1	0	0	0	0	0	1	0	0	0	0	0	0	0	0	0	0	0	1	0	0	0	0	0	0	1.444348	2.98747016666667	0.328483684023787	2.65898648264288
"GrandeDixence_random_3_17"	0	1	0	1	1	1	0	0	0	0	0	1	0	0	0	0	0	0	0	0	0	0	0	1	0	0	0	0	0	0	1.501175	2.87934183333333	-1.52784786906426	4.40718970239759
"GrandeDixence_random_3_18"	0	1	0	1	1	0	0	0	0	0	0	1	0	0	0	0	0	0	0	0	0	0	0	1	0	0	0	0	0	0	1.306953	2.9455878	0.325368002848868	2.62021979715113
"GrandeDixence_random_4_12"	1	1	0	0	1	0	1	0	1	1	0	1	0	0	0	0	0	0	0	0	0	0	0	1	0	0	0	0	0	0	1.142186	2.334399625	1.55563776953471	0.778761855465286
"GrandeDixence_random_4_13"	1	1	0	0	1	0	1	0	1	0	0	1	0	0	0	0	0	0	0	0	0	0	0	1	0	0	0	0	0	0	1.171561	2.58064571428571	1.56496278490525	1.01568292938046
"GrandeDixence_random_4_14"	1	1	0	0	1	0	1	0	1	0	0	1	0	0	0	0	0	0	0	0	0	0	0	1	0	0	0	0	0	0	1.204357	2.49292728571429	1.59067482786983	0.902252457844451
"GrandeDixence_random_4_15"	1	1	0	0	1	0	1	0	1	0	0	1	0	0	0	0	0	0	0	0	0	0	0	1	0	0	0	0	0	0	1.155165	2.20843742857143	1.47819456350544	0.730242865065986
"GrandeDixence_random_4_16"	1	1	0	0	1	0	1	0	1	0	0	1	0	0	0	0	0	0	0	0	0	0	0	1	0	0	0	0	0	0	1.200605	2.14078528571429	1.31919915836682	0.821586127347462
"GrandeDixence_random_4_17"	1	1	0	0	1	0	1	0	1	0	0	1	0	0	0	0	0	0	0	0	0	0	0	1	0	0	0	0	0	0	1.195852	1.95976428571429	1.30829763201351	0.651466653700773
"GrandeDixence_random_4_18"	1	1	0	0	1	0	0	0	1	0	0	1	0	0	0	0	0	0	0	0	0	0	0	1	0	0	0	0	0	0	1.16522	2.02113333333333	1.1878995563038	0.833233777029535
"GrandeDixence_random_5_12"	0	1	0	1	1	1	1	0	0	0	0	1	0	0	0	0	0	1	0	0	0	0	0	1	0	0	0	0	0	0	1.47528	3.03569375	0.614396058655137	2.42129769134486
"GrandeDixence_random_5_13"	0	1	0	1	1	1	1	0	0	0	0	1	0	0	0	0	0	1	0	0	0	0	0	1	0	0	0	0	0	0	1.463742	2.82532325	1.16454013531131	1.66078311468869
"GrandeDixence_random_5_14"	0	1	0	1	1	1	1	0	0	0	0	1	0	0	0	0	0	1	0	0	0	0	0	1	0	0	0	0	0	0	1.450109	2.613385375	1.1519125694034	1.4614728055966
"GrandeDixence_random_5_15"	0	1	0	1	1	1	1	0	0	0	0	1	0	0	0	0	0	1	0	0	0	0	0	1	0	0	0	0	0	0	1.466618	2.46513975	0.386908405347529	2.07823134465247
"GrandeDixence_random_5_16"	0	0	0	1	1	1	1	0	0	0	0	1	0	0	0	0	0	1	0	0	0	0	0	1	0	0	0	0	0	0	1.449722	2.70035614285714	1.23246373160329	1.46789241125385
"GrandeDixence_random_5_17"	0	0	0	1	0	1	1	0	0	0	0	1	0	0	0	0	0	1	0	0	0	0	0	1	0	0	0	0	0	0	1.537137	3.33716683333333	1.83377822656971	1.50338860676362
"GrandeDixence_random_5_18"	0	0	0	1	0	1	1	0	0	0	0	1	0	0	0	0	0	1	0	0	0	0	0	1	0	0	0	0	0	0	1.495734	2.99127083333333	1.07749071374211	1.91378011959123
"GrandeDixence_random_6_12"	0	1	0	1	1	0	1	0	1	1	0	0	0	0	0	0	0	0	0	0	0	0	0	1	0	0	0	0	0	0	1.172677	2.76624128571429	1.12975056285882	1.63649072285547
"GrandeDixence_random_6_13"	0	1	0	1	1	0	1	0	1	1	0	0	0	0	0	0	0	0	0	0	0	0	0	1	0	0	0	0	0	0	1.19904	2.66650657142857	0.955421601055754	1.71108497037282
"GrandeDixence_random_6_14"	0	1	0	1	1	0	1	0	1	1	0	0	0	0	0	0	0	0	0	0	0	0	0	1	0	0	0	0	0	0	1.182252	2.45444428571429	1.48300255326163	0.971441732452654
"GrandeDixence_random_6_15"	0	1	0	1	1	0	1	0	1	0	0	0	0	0	0	0	0	0	0	0	0	0	0	1	0	0	0	0	0	0	1.203828	2.72447216666667	-0.458144435651221	3.18261660231789
"GrandeDixence_random_6_16"	0	1	0	1	1	0	1	0	1	0	0	0	0	0	0	0	0	0	0	0	0	0	0	1	0	0	0	0	0	0	1.190249	2.48988666666667	0.562418517424345	1.92746814924232
"GrandeDixence_random_6_17"	0	1	0	1	0	0	1	0	1	0	0	0	0	0	0	0	0	0	0	0	0	0	0	1	0	0	0	0	0	0	0.69464	1.631393	-0.46008578063471	2.09147878063471
"GrandeDixence_random_6_18"	0	1	0	1	0	0	1	0	1	0	0	0	0	0	0	0	0	0	0	0	0	0	0	1	0	0	0	0	0	0	0.699246	1.5044406	-0.115803774665303	1.6202443746653
"GrandeDixence_random_7_12"	1	1	0	1	0	0	1	0	1	1	0	0	0	0	0	0	0	1	0	0	0	0	0	1	0	0	0	0	0	0	0.691881	1.433233	0.214822331392779	1.21841066860722
"GrandeDixence_random_7_13"	1	0	0	1	0	0	1	0	1	1	0	0	0	0	0	0	0	1	0	0	0	0	0	1	0	0	0	0	0	0	0.660821	1.588048	0.833277755603587	0.754770244396412
"GrandeDixence_random_7_14"	1	0	0	1	0	0	0	0	1	1	0	0	0	0	0	0	0	1	0	0	0	0	0	1	0	0	0	0	0	0	0.659536	1.73936466666667	0.774509178944283	0.964855487722384
"GrandeDixence_random_7_15"	1	0	0	1	0	0	0	0	1	1	0	0	0	0	0	0	0	1	0	0	0	0	0	0	0	0	0	0	0	0	0.661139	1.9629728	1.06054755763369	0.902425242366313
"GrandeDixence_random_7_16"	1	0	0	1	0	0	0	0	1	1	0	0	0	0	0	0	0	1	0	0	0	0	0	0	0	0	0	0	0	0	0.655031	1.812421	0.517436027944663	1.29498497205534
"GrandeDixence_random_7_17"	1	0	0	1	0	0	0	0	1	1	0	0	0	0	0	0	0	1	0	0	0	0	0	0	0	0	0	0	0	0	0.662261	1.7016588	0.335742282541969	1.36591651745803
"GrandeDixence_random_7_18"	1	0	0	1	0	0	0	0	1	1	0	0	0	0	0	0	0	1	0	0	0	0	0	0	0	0	0	0	0	0	0.660338	1.5642068	0.458837296613393	1.10536950338661
"GrandeDixence_random_8_12"	1	1	0	1	1	1	0	0	1	1	0	1	0	0	0	0	0	1	0	0	0	0	0	0	0	0	0	0	0	0	1.240428	2.11966733333333	-0.30925591839181	2.42892325172514
"GrandeDixence_random_8_13"	1	1	0	1	1	0	0	0	1	1	0	1	0	0	0	0	0	1	0	0	0	0	0	0	0	0	0	0	0	0	1.142425	2.193809125	0.645547102200957	1.54826202279904
"GrandeDixence_random_8_14"	1	1	0	1	1	0	0	0	1	1	0	1	0	0	0	0	0	1	0	0	0	0	0	0	0	0	0	0	0	0	1.188699	2.14933825	0.0932617965201204	2.05607645347988
"GrandeDixence_random_8_15"	1	1	0	1	1	0	0	0	1	1	0	1	0	0	0	0	0	1	0	0	0	0	0	0	0	0	0	0	0	0	1.197592	2.018536875	0.946992191304983	1.07154468369502
"GrandeDixence_random_8_16"	1	1	0	1	1	0	0	0	0	1	0	1	0	0	0	0	0	1	0	0	0	0	0	0	0	0	0	0	0	0	1.343958	2.54251485714286	1.16382017060753	1.37869468653533
"GrandeDixence_random_8_17"	1	1	0	1	1	0	0	0	0	1	0	1	0	0	0	0	0	0	0	0	0	0	0	0	0	0	0	0	0	0	1.321479	2.69013216666667	1.35309114877317	1.3370410178935
"GrandeDixence_random_8_18"	1	1	0	0	1	0	0	0	0	1	0	1	0	0	0	0	0	0	0	0	0	0	0	0	0	0	0	0	0	0	1.351191	3.0411278	2.06268308873845	0.97844471126155
"GrandeDixence_random_9_12"	1	1	0	0	0	1	1	0	0	0	0	0	0	0	0	0	0	0	0	0	0	0	0	1	0	0	0	0	0	0	1.471732	5.0922352	2.52716302718115	2.56507217281885
"GrandeDixence_random_9_13"	1	1	0	0	0	1	1	0	0	0	0	0	0	0	0	0	0	0	0	0	0	0	0	1	0	0	0	0	0	0	1.437331	4.6740452	2.28595087900643	2.38809432099357
"GrandeDixence_random_9_14"	1	1	0	0	0	1	1	0	0	0	0	0	0	0	0	0	0	0	0	0	0	0	0	1	0	0	0	0	0	0	1.466454	4.4855972	2.21027403491934	2.27532316508066
"GrandeDixence_random_9_15"	1	1	0	0	0	1	1	0	0	0	0	0	0	0	0	0	0	0	0	0	0	0	0	0	0	0	0	0	0	0	1.486499	5.323704	2.81805037723357	2.50565362276643
"GrandeDixence_random_9_16"	1	1	0	0	0	1	1	0	0	0	0	0	0	0	0	0	0	0	0	0	0	0	0	0	0	0	0	0	0	0	1.474564	4.907323	2.51519973340587	2.39212326659413
"GrandeDixence_random_9_17"	1	1	0	0	0	1	1	0	0	0	0	0	0	0	0	0	0	0	0	0	0	0	0	0	0	0	0	0	0	0	1.44436	4.432968	2.3095311452654	2.1234368547346
"GrandeDixence_random_9_18"	1	1	0	0	0	1	1	0	0	0	0	0	0	0	0	0	0	0	0	0	0	0	0	0	0	0	0	0	0	0	1.471481	4.16002125	2.07763293906784	2.08238831093216
"GrandeDixence_random_10_12"	1	1	0	1	1	1	0	0	0	0	0	0	0	0	0	0	0	1	0	0	0	0	0	1	0	0	0	0	0	0	1.450479	3.38736357142857	1.20237297414627	2.1849905972823
"GrandeDixence_random_10_13"	1	1	0	1	1	1	0	0	0	0	0	0	0	0	0	0	0	1	0	0	0	0	0	1	0	0	0	0	0	0	1.499056	3.30506457142857	1.47312628358723	1.83193828784134
"GrandeDixence_random_10_14"	1	1	0	1	1	1	0	0	0	0	0	0	0	0	0	0	0	1	0	0	0	0	0	1	0	0	0	0	0	0	1.4282	2.91883485714286	-0.303434029588087	3.22226888673094
"GrandeDixence_random_10_15"	1	1	0	1	1	1	0	0	0	0	0	0	0	0	0	0	0	1	0	0	0	0	0	0	0	0	0	0	0	0	1.406537	3.1116	-1.72127968842501	4.83287968842501
"GrandeDixence_random_10_16"	1	1	0	1	1	1	0	0	0	0	0	0	0	0	0	0	0	1	0	0	0	0	0	0	0	0	0	0	0	0	1.460105	3.01109716666667	0.796321514736116	2.21477565193055
"GrandeDixence_random_10_17"	1	1	0	1	1	1	0	0	0	0	0	0	0	0	0	0	0	1	0	0	0	0	0	0	0	0	0	0	0	0	1.427195	2.69095633333333	0.737917943236427	1.95303839009691
"GrandeDixence_random_10_18"	1	1	0	0	1	1	0	0	0	0	0	0	0	0	0	0	0	1	0	0	0	0	0	0	0	0	0	0	0	0	1.445638	2.9916742	1.42539206250928	1.56628213749072
"GrandeDixence_random_11_12"	1	1	0	0	0	0	1	0	0	1	0	1	0	0	0	0	0	1	0	0	0	0	0	1	0	0	0	0	0	0	0.873065	2.22255371428571	0.260460282785776	1.96209343149994
"GrandeDixence_random_11_13"	1	1	0	0	0	0	1	0	0	1	0	1	0	0	0	0	0	1	0	0	0	0	0	1	0	0	0	0	0	0	0.868487	2.08605814285714	0.206769808758044	1.8792883340991
"GrandeDixence_random_11_14"	1	1	0	0	0	0	1	0	0	1	0	1	0	0	0	0	0	1	0	0	0	0	0	1	0	0	0	0	0	0	0.883428	1.99827385714286	0.186409593157792	1.81186426398506
"GrandeDixence_random_11_15"	1	1	0	0	0	0	1	0	0	1	0	1	0	0	0	0	0	1	0	0	0	0	0	1	0	0	0	0	0	0	0.856245	1.80993728571429	0.134677328127291	1.675259957587
"GrandeDixence_random_11_16"	1	1	0	0	0	0	1	0	0	1	0	0	0	0	0	0	0	1	0	0	0	0	0	1	0	0	0	0	0	0	0.878786	2.02556583333333	0.40876286741344	1.61680296591989
"GrandeDixence_random_11_17"	1	1	0	0	0	0	1	0	0	1	0	0	0	0	0	0	0	1	0	0	0	0	0	1	0	0	0	0	0	0	0.864622	1.84605216666667	0.270323944327116	1.57572822233955
"GrandeDixence_random_11_18"	1	1	0	0	0	0	1	0	0	1	0	0	0	0	0	0	0	1	0	0	0	0	0	1	0	0	0	0	0	0	0.86493	1.70261583333333	0.257613487084176	1.44500234624916
"GrandeDixence_random_12_12"	1	0	0	0	1	1	1	0	0	1	0	1	0	0	0	0	0	1	0	0	0	0	0	0	0	0	0	0	0	0	1.433489	3.47079428571429	2.47211189199003	0.998682393724253
"GrandeDixence_random_12_13"	1	0	0	0	1	1	1	0	0	1	0	1	0	0	0	0	0	1	0	0	0	0	0	0	0	0	0	0	0	0	1.45786	3.32867842857143	2.34304981598134	0.98562861259009
"GrandeDixence_random_12_14"	1	0	0	0	1	1	1	0	0	1	0	1	0	0	0	0	0	1	0	0	0	0	0	0	0	0	0	0	0	0	1.469201	3.14795514285714	2.03754618717871	1.11040895567843
"GrandeDixence_random_12_15"	1	0	0	0	1	1	1	0	0	1	0	1	0	0	0	0	0	1	0	0	0	0	0	0	0	0	0	0	0	0	1.459566	2.91604642857143	1.9869530615469	0.929093367024533
"GrandeDixence_random_12_16"	1	0	0	0	1	1	1	0	0	1	0	1	0	0	0	0	0	1	0	0	0	0	0	0	0	0	0	0	0	0	1.531776	2.86227271428571	2.00753759958309	0.854735114702627
"GrandeDixence_random_12_17"	1	0	0	0	1	1	1	0	0	1	0	1	0	0	0	0	0	1	0	0	0	0	0	0	0	0	0	0	0	0	1.486891	2.55367757142857	1.88813654454822	0.665541026880355
"GrandeDixence_random_12_18"	1	0	0	0	1	1	1	0	0	1	0	1	0	0	0	0	0	1	0	0	0	0	0	0	0	0	0	0	0	0	1.455994	2.28388442857143	1.7080895056436	0.575794922927828
"GrandeDixence_random_13_12"	1	1	0	0	1	1	0	0	0	1	0	1	0	0	0	0	0	1	0	0	0	0	0	1	0	0	0	0	0	0	1.452848	2.96898775	1.86249723008776	1.10649051991224
"GrandeDixence_random_13_13"	1	1	0	0	1	1	0	0	0	1	0	1	0	0	0	0	0	1	0	0	0	0	0	1	0	0	0	0	0	0	1.440528	2.75966175	1.70590065555775	1.05376109444225
"GrandeDixence_random_13_14"	1	1	0	0	1	1	0	0	0	1	0	1	0	0	0	0	0	1	0	0	0	0	0	1	0	0	0	0	0	0	1.439415	2.577230625	1.55325021496688	1.02398041003312
"GrandeDixence_random_13_15"	1	1	0	0	1	1	0	0	0	1	0	1	0	0	0	0	0	1	0	0	0	0	0	1	0	0	0	0	0	0	1.497003	2.51247975	1.69305613992848	0.819423610071522
"GrandeDixence_random_13_16"	1	1	0	0	1	1	0	0	0	1	0	1	0	0	0	0	0	1	0	0	0	0	0	1	0	0	0	0	0	0	1.441039	2.220421875	1.32020957615481	0.900212298845187
"GrandeDixence_random_13_17"	1	1	0	0	1	1	0	0	0	0	0	1	0	0	0	0	0	1	0	0	0	0	0	1	0	0	0	0	0	0	1.480722	2.41152242857143	1.3196189955362	1.09190343303523
"GrandeDixence_random_13_18"	1	1	0	0	1	1	0	0	0	0	0	1	0	0	0	0	0	1	0	0	0	0	0	1	0	0	0	0	0	0	1.442888	2.12972757142857	1.2601962378118	0.869531333616768
"GrandeDixence_random_14_12"	0	1	0	1	1	1	1	0	1	1	0	1	0	0	0	0	0	1	0	0	0	0	0	0	0	0	0	0	0	0	1.215784	2.07928	0.450394478043953	1.62888552195605
"GrandeDixence_random_14_13"	0	1	0	1	0	1	1	0	1	1	0	1	0	0	0	0	0	1	0	0	0	0	0	0	0	0	0	0	0	0	1.070004	2.0275145	0.517312778272131	1.51020172172787
"GrandeDixence_random_14_14"	0	1	0	1	0	1	1	0	1	1	0	1	0	0	0	0	0	0	0	0	0	0	0	0	0	0	0	0	0	0	1.063011	2.14758342857143	-0.596019333451286	2.74360276202271
"GrandeDixence_random_14_15"	0	1	0	1	0	1	1	0	1	1	0	1	0	0	0	0	0	0	0	0	0	0	0	0	0	0	0	0	0	0	1.071629	2.015423	0.717299130415717	1.29812386958428
"GrandeDixence_random_14_16"	0	1	0	1	0	1	0	0	1	1	0	1	0	0	0	0	0	0	0	0	0	0	0	0	0	0	0	0	0	0	1.083736	2.20340916666667	-0.28277838542931	2.48618755209598
"GrandeDixence_random_14_17"	0	1	0	1	0	1	0	0	1	1	0	0	0	0	0	0	0	0	0	0	0	0	0	0	0	0	0	0	0	0	1.051267	2.3368234	-1.16149839626714	3.49832179626714
"GrandeDixence_random_14_18"	0	0	0	1	0	1	0	0	1	1	0	0	0	0	0	0	0	0	0	0	0	0	0	0	0	0	0	0	0	0	1.114545	3.08922425	1.11078569186368	1.97843855813632
"GrandeDixence_random_15_12"	1	1	0	1	1	1	1	0	0	0	0	1	0	0	0	0	0	1	0	0	0	0	0	0	0	0	0	0	0	0	1.43141	2.9196645	0.579535160787333	2.34012933921267
"GrandeDixence_random_15_13"	0	1	0	1	1	1	1	0	0	0	0	1	0	0	0	0	0	1	0	0	0	0	0	0	0	0	0	0	0	0	1.454764	3.20764942857143	0.941399548313204	2.26624988025823
"GrandeDixence_random_15_14"	0	1	0	1	1	1	1	0	0	0	0	1	0	0	0	0	0	1	0	0	0	0	0	0	0	0	0	0	0	0	1.433816	2.94895228571429	0.378856718372086	2.5700955673422
"GrandeDixence_random_15_15"	0	1	0	1	1	1	1	0	0	0	0	1	0	0	0	0	0	1	0	0	0	0	0	0	0	0	0	0	0	0	1.420179	2.71295114285714	-0.0593230136940641	2.77227415655121
"GrandeDixence_random_15_16"	0	1	0	1	1	1	0	0	0	0	0	1	0	0	0	0	0	1	0	0	0	0	0	0	0	0	0	0	0	0	1.429777	2.95282783333333	-0.329789349055535	3.28261718238887
"GrandeDixence_random_15_17"	0	1	0	1	1	1	0	0	0	0	0	1	0	0	0	0	0	1	0	0	0	0	0	0	0	0	0	0	0	0	1.492162	2.86009666666667	1.37657736316344	1.48351930350323
"GrandeDixence_random_15_18"	0	1	0	1	1	1	0	0	0	0	0	1	0	0	0	0	0	1	0	0	0	0	0	0	0	0	0	0	0	0	1.481422	2.588133	-2.41618288287092	5.00431588287092
"GrandeDixence_random_16_12"	0	1	0	1	1	0	1	0	0	1	0	1	0	0	0	0	0	0	0	0	0	0	0	0	0	0	0	0	0	0	1.384086	4.0070785	1.20973676245817	2.79734173754183
"GrandeDixence_random_16_13"	0	1	0	1	1	0	1	0	0	1	0	0	0	0	0	0	0	0	0	0	0	0	0	0	0	0	0	0	0	0	1.364729	4.4623846	1.51011712121558	2.95226747878442
"GrandeDixence_random_16_14"	0	1	0	1	1	0	1	0	0	1	0	0	0	0	0	0	0	0	0	0	0	0	0	0	0	0	0	0	0	0	1.333888	4.0845794	1.39155239569464	2.69302700430536
"GrandeDixence_random_16_15"	0	1	0	1	1	0	1	0	0	1	0	0	0	0	0	0	0	0	0	0	0	0	0	0	0	0	0	0	0	0	1.323	3.7829602	1.2333930754267	2.5495671245733
"GrandeDixence_random_16_16"	0	1	0	1	1	0	1	0	0	1	0	0	0	0	0	0	0	0	0	0	0	0	0	0	0	0	0	0	0	0	1.360879	3.6319972	2.09351532985693	1.53848187014307
"GrandeDixence_random_16_17"	0	1	0	1	0	0	1	0	0	1	0	0	0	0	0	0	0	0	0	0	0	0	0	0	0	0	0	0	0	0	0.905758	2.94345825	0.317163067517845	2.62629518248216
"GrandeDixence_random_16_18"	0	1	0	1	0	0	1	0	0	1	0	0	0	0	0	0	0	0	0	0	0	0	0	0	0	0	0	0	0	0	0.898069	2.6920295	0.630917306251053	2.06111219374895
"GrandeDixence_random_17_12"	1	0	0	1	1	1	0	0	1	1	0	1	0	0	0	0	0	0	0	0	0	0	0	1	0	0	0	0	0	0	1.259733	2.541815375	0.522677472774126	2.01913790222587
"GrandeDixence_random_17_13"	1	0	0	0	1	1	0	0	1	1	0	1	0	0	0	0	0	0	0	0	0	0	0	1	0	0	0	0	0	0	1.215579	2.611441	1.46067495784884	1.15076604215116
"GrandeDixence_random_17_14"	1	0	0	0	1	1	0	0	1	1	0	1	0	0	0	0	0	0	0	0	0	0	0	1	0	0	0	0	0	0	1.216733	2.44058942857143	1.36970264873886	1.07088677983256
"GrandeDixence_random_17_15"	1	0	0	0	1	1	0	0	1	1	0	1	0	0	0	0	0	0	0	0	0	0	0	1	0	0	0	0	0	0	1.195901	2.21915442857143	1.26409260529499	0.955061823276434
"GrandeDixence_random_17_16"	1	0	0	0	1	1	0	0	1	1	0	1	0	0	0	0	0	0	0	0	0	0	0	1	0	0	0	0	0	0	1.232386	2.12649357142857	1.19606755922265	0.930426012205924
"GrandeDixence_random_17_17"	1	0	0	0	1	1	0	0	1	1	0	1	0	0	0	0	0	0	0	0	0	0	0	1	0	0	0	0	0	0	1.207566	1.90079842857143	1.0774981759357	0.823300252635731
"GrandeDixence_random_17_18"	1	0	0	0	1	1	0	0	1	1	0	1	0	0	0	0	0	0	0	0	0	0	0	1	0	0	0	0	0	0	1.214778	1.74168271428571	1.05487777370681	0.6868049405789
"GrandeDixence_random_18_12"	0	0	0	1	1	0	1	0	0	1	0	0	0	0	0	0	0	0	0	0	0	0	0	1	0	0	0	0	0	0	1.347274	4.8467752	2.7089003325725	2.1378748674275
"GrandeDixence_random_18_13"	0	0	0	1	1	0	1	0	0	1	0	0	0	0	0	0	0	0	0	0	0	0	0	1	0	0	0	0	0	0	1.320935	4.4825	2.58311415586011	1.89938584413989
"GrandeDixence_random_18_14"	0	0	0	1	1	0	1	0	0	1	0	0	0	0	0	0	0	0	0	0	0	0	0	1	0	0	0	0	0	0	1.352197	4.3246038	2.58244395300165	1.74215984699835
"GrandeDixence_random_18_15"	0	0	0	1	1	0	1	0	0	0	0	0	0	0	0	0	0	0	0	0	0	0	0	1	0	0	0	0	0	0	1.334859	4.99904325	3.28705338638893	1.71198986361107
"GrandeDixence_random_18_16"	0	0	0	1	1	0	1	0	0	0	0	0	0	0	0	0	0	0	0	0	0	0	0	1	0	0	0	0	0	0	1.325825	4.631451	1.79121910285973	2.84023189714027
"GrandeDixence_random_18_17"	0	0	0	1	1	0	1	0	0	0	0	0	0	0	0	0	0	0	0	0	0	0	0	1	0	0	0	0	0	0	1.299427	4.20760175	1.30162868225131	2.90597306774869
"GrandeDixence_random_18_18"	0	0	0	1	1	0	1	0	0	0	0	0	0	0	0	0	0	0	0	0	0	0	0	1	0	0	0	0	0	0	1.295307	3.869355	1.89957231345992	1.96978268654008
"GrandeDixence_random_19_12"	1	1	0	1	0	0	0	0	1	0	0	1	0	0	0	0	0	1	0	0	0	0	0	1	0	0	0	0	0	0	0.698971	1.65769814285714	-0.61161964649173	2.26931778934887
"GrandeDixence_random_19_13"	1	1	0	1	0	0	0	0	1	0	0	1	0	0	0	0	0	1	0	0	0	0	0	1	0	0	0	0	0	0	0.699118	1.55822314285714	-0.0017730717693375	1.55999621462648
"GrandeDixence_random_19_14"	1	1	0	1	0	0	0	0	1	0	0	1	0	0	0	0	0	1	0	0	0	0	0	1	0	0	0	0	0	0	0.704908	1.47241057142857	-0.2252248173927	1.69763538882127
"GrandeDixence_random_19_15"	1	1	0	1	0	0	0	0	1	0	0	1	0	0	0	0	0	0	0	0	0	0	0	1	0	0	0	0	0	0	0.699068	1.58506316666667	0.0842785614731536	1.50078460519351
"GrandeDixence_random_19_16"	1	1	0	1	0	0	0	0	1	0	0	1	0	0	0	0	0	0	0	0	0	0	0	1	0	0	0	0	0	0	0.704221	1.48143433333333	-0.0546438538465053	1.53607818717984
"GrandeDixence_random_19_17"	1	1	0	1	0	0	0	0	1	0	0	1	0	0	0	0	0	0	0	0	0	0	0	1	0	0	0	0	0	0	0.708558	1.37418383333333	-0.0863672064691754	1.46055103980251
"GrandeDixence_random_19_18"	1	1	0	1	0	0	0	0	1	0	0	1	0	0	0	0	0	0	0	0	0	0	0	1	0	0	0	0	0	0	0.69596	1.22879516666667	-0.259391107339755	1.48818627400642
"GrandeDixence_random_20_12"	1	1	0	1	1	0	1	0	0	1	0	1	0	0	0	0	0	1	0	0	0	0	0	0	0	0	0	0	0	0	1.32746	2.857182	1.64554092519305	1.21164107480695
"GrandeDixence_random_20_13"	1	1	0	1	1	0	1	0	0	1	0	1	0	0	0	0	0	1	0	0	0	0	0	0	0	0	0	0	0	0	1.340252	2.7200315	1.11842164545743	1.60160985454257
"GrandeDixence_random_20_14"	1	1	0	0	1	0	1	0	0	1	0	1	0	0	0	0	0	1	0	0	0	0	0	0	0	0	0	0	0	0	1.354355	2.95140285714286	2.09424536613182	0.857157491011041
"GrandeDixence_random_20_15"	0	1	0	0	1	0	1	0	0	1	0	1	0	0	0	0	0	1	0	0	0	0	0	0	0	0	0	0	0	0	1.288224	3.05910616666667	1.93843195902871	1.12067420763796
"GrandeDixence_random_20_16"	0	1	0	0	0	0	1	0	0	1	0	1	0	0	0	0	0	1	0	0	0	0	0	0	0	0	0	0	0	0	0.908861	2.5444776	0.529719508775736	2.01475809122426
"GrandeDixence_random_20_17"	0	1	0	0	0	0	1	0	0	1	0	1	0	0	0	0	0	1	0	0	0	0	0	0	0	0	0	0	0	0	0.904408	2.350237	0.288875081193531	2.06136191880647
"GrandeDixence_random_20_18"	0	0	0	0	0	0	1	0	0	1	0	1	0	0	0	0	0	1	0	0	0	0	0	0	0	0	0	0	0	0	0.010051	0.03039225	0.000113639173790916	0.0302786108262091
"GrandeDixence_random_21_12"	1	0	0	1	0	1	0	0	0	1	0	1	0	0	0	0	0	1	0	0	0	0	0	1	0	0	0	0	0	0	1.465962	3.749836	1.80573813398323	1.94409786601676
"GrandeDixence_random_21_13"	1	0	0	1	0	1	0	0	0	1	0	1	0	0	0	0	0	0	0	0	0	0	0	1	0	0	0	0	0	0	1.49138	4.2070445	2.33772046986665	1.86932403013335
"GrandeDixence_random_21_14"	1	0	0	1	0	0	0	0	0	1	0	1	0	0	0	0	0	0	0	0	0	0	0	1	0	0	0	0	0	0	0.127881	0.4098706	-0.0271473216546894	0.437017921654689
"GrandeDixence_random_21_15"	1	0	0	1	0	0	0	0	0	1	0	1	0	0	0	0	0	0	0	0	0	0	0	1	0	0	0	0	0	0	0.12592	0.3780192	0.0451842096237111	0.332834990376289
"GrandeDixence_random_21_16"	1	0	0	1	0	0	0	0	0	1	0	1	0	0	0	0	0	0	0	0	0	0	0	1	0	0	0	0	0	0	0.125285	0.3509302	0.00764505663249539	0.343285143367505
"GrandeDixence_random_21_17"	1	0	0	0	0	0	0	0	0	1	0	1	0	0	0	0	0	0	0	0	0	0	0	1	0	0	0	0	0	0	0.125615	0.40851375	-0.00953656549836722	0.418050315498367
"GrandeDixence_random_21_18"	1	0	0	0	0	0	0	0	0	1	0	1	0	0	0	0	0	0	0	0	0	0	0	1	0	0	0	0	0	0	0.126235	0.379125	-0.013941264046553	0.393066264046553
"GrandeDixence_random_22_12"	1	1	0	1	1	1	0	0	1	1	0	1	0	0	0	0	0	1	0	0	0	0	0	0	0	0	0	0	0	0	1.247854	2.13534444444444	0.65985073871549	1.47549370572895
"GrandeDixence_random_22_13"	1	1	0	1	1	1	0	0	1	1	0	0	0	0	0	0	0	1	0	0	0	0	0	0	0	0	0	0	0	0	1.240747	2.2305355	0.0364252947026479	2.19411020529735
"GrandeDixence_random_22_14"	1	1	0	1	1	1	0	0	1	1	0	0	0	0	0	0	0	1	0	0	0	0	0	0	0	0	0	0	0	0	1.229831	2.052245625	-0.0347338947307615	2.08697951973076
"GrandeDixence_random_22_15"	1	1	0	1	1	1	0	0	1	1	0	0	0	0	0	0	0	1	0	0	0	0	0	0	0	0	0	0	0	0	1.234464	1.90778275	-0.266791152265224	2.17457390226522
"GrandeDixence_random_22_16"	1	1	0	1	1	1	0	0	1	1	0	0	0	0	0	0	0	1	0	0	0	0	0	0	0	0	0	0	0	0	1.234104	1.75279975	-0.714248684251448	2.46704843425145
"GrandeDixence_random_22_17"	1	1	0	1	1	0	0	0	1	1	0	0	0	0	0	0	0	1	0	0	0	0	0	0	0	0	0	0	0	0	1.146424	1.86267471428571	0.91923814264312	0.943436571642595
"GrandeDixence_random_22_18"	1	1	0	1	1	0	0	0	1	0	0	0	0	0	0	0	0	1	0	0	0	0	0	0	0	0	0	0	0	0	1.188606	2.073904	-0.120543493681457	2.19444749368146
"GrandeDixence_random_23_12"	1	1	0	1	1	1	1	0	1	1	0	1	0	0	0	0	0	0	0	0	0	0	0	1	0	0	0	0	0	0	1.246075	1.917107	-0.458175652341823	2.37528265234182
"GrandeDixence_random_23_13"	1	1	0	1	1	1	0	0	1	1	0	1	0	0	0	0	0	0	0	0	0	0	0	1	0	0	0	0	0	0	1.257652	2.01509988888889	0.490699561533736	1.52440032735515
"GrandeDixence_random_23_14"	1	1	0	1	1	1	0	0	1	1	0	1	0	0	0	0	0	0	0	0	0	0	0	1	0	0	0	0	0	0	1.219386	1.80308055555556	0.867904853119609	0.935175702435946
"GrandeDixence_random_23_15"	1	1	0	1	1	1	0	0	1	0	0	1	0	0	0	0	0	0	0	0	0	0	0	1	0	0	0	0	0	0	1.217057	1.87172925	-0.0364800722076513	1.90820932220765
"GrandeDixence_random_23_16"	1	1	0	1	1	1	0	0	1	0	0	1	0	0	0	0	0	0	0	0	0	0	0	1	0	0	0	0	0	0	1.204785	1.696587125	0.301772548714136	1.39481457628586
"GrandeDixence_random_23_17"	1	1	0	1	1	1	0	0	0	0	0	1	0	0	0	0	0	0	0	0	0	0	0	1	0	0	0	0	0	0	1.443379	2.33709128571429	-0.0211984272357366	2.35828971295002
"GrandeDixence_random_23_18"	1	1	0	1	1	1	0	0	0	0	0	1	0	0	0	0	0	0	0	0	0	0	0	0	0	0	0	0	0	0	1.445392	2.49249883333333	0.624359187294163	1.86813964603917
"GrandeDixence_random_24_12"	0	1	0	1	1	1	1	0	1	0	0	1	0	0	0	0	0	1	0	0	0	0	0	1	0	0	0	0	0	0	1.227588	2.10311011111111	-0.0307864368537952	2.13389654796491
"GrandeDixence_random_24_13"	0	1	0	1	1	1	1	0	1	0	0	1	0	0	0	0	0	1	0	0	0	0	0	1	0	0	0	0	0	0	1.21415	1.93983544444444	0.557522385369143	1.3823130590753
"GrandeDixence_random_24_14"	0	1	0	1	1	1	1	0	1	0	0	1	0	0	0	0	0	1	0	0	0	0	0	1	0	0	0	0	0	0	1.23261	1.83979877777778	0.295094425305508	1.54470435247227
"GrandeDixence_random_24_15"	0	1	0	1	1	1	1	0	1	0	0	0	0	0	0	0	0	1	0	0	0	0	0	1	0	0	0	0	0	0	1.207502	1.865726875	0.121456046953884	1.74427082804612
"GrandeDixence_random_24_16"	0	1	0	1	1	1	1	0	1	0	0	0	0	0	0	0	0	0	0	0	0	0	0	1	0	0	0	0	0	0	1.222235	1.99159442857143	-1.14876867025736	3.14036309882879
"GrandeDixence_random_24_17"	0	1	0	1	1	1	0	0	1	0	0	0	0	0	0	0	0	0	0	0	0	0	0	1	0	0	0	0	0	0	1.255623	2.198146	-0.821709095631166	3.01985509563117
"GrandeDixence_random_24_18"	0	1	0	1	1	1	0	0	0	0	0	0	0	0	0	0	0	0	0	0	0	0	0	1	0	0	0	0	0	0	1.462744	3.0554474	-1.96569989073214	5.02114729073214
"GrandeDixence_random_25_12"	0	0	0	1	0	0	1	0	1	0	0	1	0	0	0	0	0	0	0	0	0	0	0	0	0	0	0	0	0	0	0.652055	2.93327075	0.31467351984631	2.61859723015369
"GrandeDixence_random_25_13"	0	0	0	1	0	0	1	0	1	0	0	1	0	0	0	0	0	0	0	0	0	0	0	0	0	0	0	0	0	0	0.644739	2.737335	1.29292154403671	1.44441345596329
"GrandeDixence_random_25_14"	0	0	0	1	0	0	1	0	1	0	0	1	0	0	0	0	0	0	0	0	0	0	0	0	0	0	0	0	0	0	0.653923	2.61518225	0.957293824938366	1.65788842506163
"GrandeDixence_random_25_15"	0	0	0	1	0	0	1	0	1	0	0	1	0	0	0	0	0	0	0	0	0	0	0	0	0	0	0	0	0	0	0.656393	2.4615815	0.898286910299026	1.56329458970097
"GrandeDixence_random_25_16"	0	0	0	1	0	0	1	0	1	0	0	0	0	0	0	0	0	0	0	0	0	0	0	0	0	0	0	0	0	0	0.643408	2.99904066666667	1.06643343778156	1.93260722888511
"GrandeDixence_random_25_17"	0	0	0	1	0	0	1	0	0	0	0	0	0	0	0	0	0	0	0	0	0	0	0	0	0	0	0	0	0	0	0.002608	0.0169625	-0.00528892068411783	0.0222514206841178
"GrandeDixence_random_25_18"	0	0	0	1	0	0	1	0	0	0	0	0	0	0	0	0	0	0	0	0	0	0	0	0	0	0	0	0	0	0	0.002563	0.015366	-0.00505338299029595	0.020419382990296
"GrandeDixence_random_26_12"	1	1	0	0	1	1	1	0	1	1	0	0	0	0	0	0	0	1	0	0	0	0	0	1	0	0	0	0	0	0	1.247594	2.13334566666667	1.28942074835342	0.843924918313242
"GrandeDixence_random_26_13"	1	0	0	0	1	1	1	0	1	1	0	0	0	0	0	0	0	1	0	0	0	0	0	1	0	0	0	0	0	0	1.215103	2.283639	1.26786343780416	1.01577556219584
"GrandeDixence_random_26_14"	1	0	0	0	1	1	1	0	1	1	0	0	0	0	0	0	0	1	0	0	0	0	0	1	0	0	0	0	0	0	1.218945	2.139915375	1.37877428094598	0.761141094054018
"GrandeDixence_random_26_15"	1	0	0	0	1	1	1	0	1	1	0	0	0	0	0	0	0	1	0	0	0	0	0	1	0	0	0	0	0	0	1.239131	2.02791925	1.29378324021705	0.734136009782949
"GrandeDixence_random_26_16"	1	0	0	0	1	1	0	0	1	1	0	0	0	0	0	0	0	1	0	0	0	0	0	1	0	0	0	0	0	0	1.221151	2.10243442857143	1.17137516196429	0.931059266607134
"GrandeDixence_random_26_17"	1	0	0	0	1	1	0	0	1	1	0	0	0	0	0	0	0	1	0	0	0	0	0	1	0	0	0	0	0	0	1.214617	1.91491628571429	1.14130252228201	0.773613763432276
"GrandeDixence_random_26_18"	1	0	0	0	1	1	0	0	1	1	0	0	0	0	0	0	0	1	0	0	0	0	0	1	0	0	0	0	0	0	1.241462	1.79125457142857	1.07248044779383	0.718774123634743
"GrandeDixence_random_27_12"	0	0	0	0	0	0	1	0	0	0	0	1	0	0	0	0	0	1	0	0	0	0	0	1	0	0	0	0	0	0	0.019849	0.089558	-0.00228812588707618	0.0918461258870762
"GrandeDixence_random_27_13"	0	0	0	0	0	0	1	0	0	0	0	1	0	0	0	0	0	1	0	0	0	0	0	1	0	0	0	0	0	0	0.019332	0.08226925	-0.00446335529198465	0.0867326052919846
"GrandeDixence_random_27_14"	0	0	0	0	0	0	1	0	0	0	0	1	0	0	0	0	0	1	0	0	0	0	0	1	0	0	0	0	0	0	0.019318	0.07737675	-0.00184490520943759	0.0792216552094376
"GrandeDixence_random_27_15"	0	0	0	0	0	0	1	0	0	0	0	1	0	0	0	0	0	1	0	0	0	0	0	1	0	0	0	0	0	0	0.01942	0.07295525	0.000494327802372491	0.0724609221976275
"GrandeDixence_random_27_16"	0	0	0	0	0	0	1	0	0	0	0	1	0	0	0	0	0	1	0	0	0	0	0	1	0	0	0	0	0	0	0.02	0.07027525	-0.00569035334458363	0.0759656033445836
"GrandeDixence_random_27_17"	0	0	0	0	0	0	1	0	0	0	0	0	0	0	0	0	0	1	0	0	0	0	0	1	0	0	0	0	0	0	0.017444	0.0757603333333333	-0.00196301569210297	0.0777233490254363
"GrandeDixence_random_27_18"	0	0	0	0	0	0	0	0	0	0	0	0	0	0	0	0	0	1	0	0	0	0	0	1	0	0	0	0	0	0	0.014991	0.090233	-0.00545871701476676	0.0956917170147668
"GrandeDixence_random_28_12"	0	1	0	0	1	1	0	0	0	1	0	1	0	0	0	0	0	1	0	0	0	0	0	1	0	0	0	0	0	0	1.495096	3.523126	1.90366917020239	1.61945682979761
"GrandeDixence_random_28_13"	0	1	0	0	1	1	0	0	0	1	0	1	0	0	0	0	0	1	0	0	0	0	0	1	0	0	0	0	0	0	1.487865	3.29094685714286	1.73110347047036	1.55984338667249
"GrandeDixence_random_28_14"	0	1	0	0	1	1	0	0	0	1	0	0	0	0	0	0	0	1	0	0	0	0	0	1	0	0	0	0	0	0	1.433628	3.43811633333333	1.88990344987709	1.54821288345624
"GrandeDixence_random_28_15"	0	1	0	0	1	1	0	0	0	1	0	0	0	0	0	0	0	1	0	0	0	0	0	1	0	0	0	0	0	0	1.500379	3.377181	1.87008526438677	1.50709573561322
"GrandeDixence_random_28_16"	0	1	0	0	1	1	0	0	0	1	0	0	0	0	0	0	0	1	0	0	0	0	0	1	0	0	0	0	0	0	1.457233	3.01925283333333	1.55892115469738	1.46033167863595
"GrandeDixence_random_28_17"	0	0	0	0	1	1	0	0	0	1	0	0	0	0	0	0	0	1	0	0	0	0	0	1	0	0	0	0	0	0	1.459836	3.5192318	1.96466633041511	1.55456546958489
"GrandeDixence_random_28_18"	0	0	0	0	1	1	0	0	0	0	0	0	0	0	0	0	0	1	0	0	0	0	0	1	0	0	0	0	0	0	1.441811	3.97618925	1.46644542133734	2.50974382866266
"GrandeDixence_random_29_12"	1	0	0	1	1	1	1	0	0	1	0	1	0	0	0	0	0	1	0	0	0	0	0	1	0	0	0	0	0	0	1.437329	2.70620966666667	1.61024958983009	1.09596007683657
"GrandeDixence_random_29_13"	1	0	0	1	1	1	1	0	0	1	0	1	0	0	0	0	0	1	0	0	0	0	0	1	0	0	0	0	0	0	1.473466	2.61878044444444	1.46478285225679	1.15399759218765
"GrandeDixence_random_29_14"	1	0	0	1	1	1	1	0	0	0	0	1	0	0	0	0	0	1	0	0	0	0	0	1	0	0	0	0	0	0	1.475367	2.76632925	1.72969271865631	1.03663653134369
"GrandeDixence_random_29_15"	1	0	0	1	1	1	1	0	0	0	0	1	0	0	0	0	0	1	0	0	0	0	0	1	0	0	0	0	0	0	1.461141	2.553456375	0.561797685051548	1.99165868994845
"GrandeDixence_random_29_16"	1	0	0	1	1	1	1	0	0	0	0	1	0	0	0	0	0	1	0	0	0	0	0	1	0	0	0	0	0	0	1.470586	2.388523125	1.11978779959234	1.26873532540766
"GrandeDixence_random_29_17"	0	0	0	1	1	1	1	0	0	0	0	1	0	0	0	0	0	1	0	0	0	0	0	1	0	0	0	0	0	0	1.471564	2.536937	1.04509896106368	1.49183803893632
"GrandeDixence_random_29_18"	0	0	0	1	1	1	1	0	0	0	0	1	0	0	0	0	0	1	0	0	0	0	0	1	0	0	0	0	0	0	1.444341	2.27615657142857	1.17161215561017	1.1045444158184
"GrandeDixence_random_30_12"	1	1	0	1	0	0	1	0	0	0	0	0	0	0	0	0	0	1	0	0	0	0	0	1	0	0	0	0	0	0	0.873598	2.59544283333333	0.130871106663064	2.46457172667027
"GrandeDixence_random_30_13"	1	1	0	1	0	0	1	0	0	0	0	0	0	0	0	0	0	1	0	0	0	0	0	1	0	0	0	0	0	0	0.856351	2.39810216666667	-0.288412290935973	2.68651445760264
"GrandeDixence_random_30_14"	1	1	0	1	0	0	1	0	0	0	0	0	0	0	0	0	0	1	0	0	0	0	0	1	0	0	0	0	0	0	0.867935	2.28819833333333	0.351806720235266	1.93639161309807
"GrandeDixence_random_30_15"	1	1	0	1	0	0	1	0	0	0	0	0	0	0	0	0	0	1	0	0	0	0	0	1	0	0	0	0	0	0	0.863237	2.1310145	0.497896561941448	1.63311793805855
"GrandeDixence_random_30_16"	1	1	0	1	0	0	1	0	0	0	0	0	0	0	0	0	0	1	0	0	0	0	0	1	0	0	0	0	0	0	0.870601	2.00555166666667	-0.0927460326914868	2.09829769935815
"GrandeDixence_random_30_17"	1	1	0	1	0	0	0	0	0	0	0	0	0	0	0	0	0	1	0	0	0	0	0	1	0	0	0	0	0	0	0.861803	2.208411	0.205373597510442	2.00303740248956
"GrandeDixence_random_30_18"	1	1	0	1	0	0	0	0	0	0	0	0	0	0	0	0	0	1	0	0	0	0	0	1	0	0	0	0	0	0	0.877053	2.0757004	0.446538857518976	1.62916154248102
