"assemblage"	"AVir"	"PMon"	"TBac"	"AAlb"	"PCem"	"LDec"	"BPen"	"QRob"	"PAbi"	"PSyl"	"PNig"	"AInc"	"UGla"	"TPla"	"AGlu"	"QPub"	"SAri"	"PTre"	"APla"	"TCor"	"SAlb"	"QPet"	"CAve"	"SAuc"	"FSyl"	"ACam"	"CSat"	"APse"	"FExc"	"CBet"	"productivity"	"DeltaY"	"Selection"	"Complementarity"
"Schwerin_increasing_14"	1	1	1	1	1	1	1	1	1	1	1	1	1	1	1	1	1	0	0	0	0	0	0	0	0	0	0	0	0	0	1.633386	0.885622	0.141191985343614	0.744430014656386
"Schwerin_decreasing_14"	0	0	0	0	0	0	0	0	0	0	0	0	0	1	1	1	1	1	1	1	1	1	1	1	1	1	1	1	1	1	1.754818	0.929375823529412	0.489458571767814	0.439917251761598
"Schwerin_random_1_14"	0	0	1	1	0	0	0	1	1	0	1	1	1	1	0	0	1	1	1	1	0	1	0	0	1	0	0	1	1	1	2.188377	1.37767364705882	0.792056219153434	0.58561742790539
"Schwerin_random_2_14"	1	0	1	1	0	1	0	0	1	0	0	0	1	0	0	1	1	0	1	1	0	1	0	0	1	1	1	1	1	1	1.802187	0.900288529411765	0.520047569900114	0.380240959511651
"Schwerin_random_3_14"	0	1	0	1	1	1	0	0	0	0	1	1	1	1	0	1	0	1	0	0	1	1	1	1	1	1	0	0	0	1	2.540124	1.64836623529412	0.603076309293947	1.04528992600017
"Schwerin_random_4_14"	1	1	0	0	1	0	1	1	1	0	1	1	0	1	1	0	0	0	0	1	1	0	1	1	0	0	0	1	1	1	1.477972	0.922342235294118	0.49811810569926	0.424224129594858
"Schwerin_random_5_14"	0	1	0	1	1	1	1	1	0	0	0	1	1	0	1	1	0	1	1	0	1	0	1	1	0	0	1	0	0	1	1.355198	0.516463705882353	0.202008652943561	0.314455052938792
"Schwerin_random_6_14"	0	1	1	1	1	0	1	0	1	1	1	0	1	1	0	0	0	0	1	0	0	1	1	1	0	0	1	1	0	1	1.433549	0.666993882352941	0.356694613774735	0.310299268578206
"Schwerin_random_7_14"	1	0	0	1	0	0	0	1	1	1	0	0	0	1	1	0	1	1	0	0	1	0	1	1	1	1	1	0	1	1	1.705154	1.01669341176471	0.653327631985511	0.363365779779195
"Schwerin_random_8_14"	1	1	0	1	1	0	0	1	1	1	1	1	0	0	1	0	1	1	0	1	1	0	0	0	0	0	1	0	1	1	1.39308	0.724950117647059	0.387721314886392	0.337228802760667
"Schwerin_random_9_14"	1	1	0	0	0	1	1	1	0	0	1	0	1	0	1	1	1	0	0	0	1	1	1	1	1	1	0	0	1	0	2.219968	1.40527817647059	0.659790224662778	0.74548795180781
"Schwerin_random_10_14"	1	1	0	1	1	1	0	0	0	0	1	0	1	1	0	1	0	1	0	1	1	0	1	1	1	1	0	0	0	1	2.06587	1.24035976470588	0.308138561983538	0.932221202722344
"Schwerin_random_11_14"	1	1	0	0	0	0	1	0	0	1	0	1	0	0	1	1	1	1	0	1	0	1	0	1	1	1	1	1	1	0	1.745339	0.835373823529412	0.439034004527619	0.396339819001793
"Schwerin_random_12_14"	1	0	0	0	1	1	1	0	0	1	1	1	1	1	1	1	0	1	1	0	0	0	1	0	1	0	0	1	1	0	2.389199	1.58463770588235	0.48427578293688	1.10036192294547
"Schwerin_random_13_14"	1	1	1	0	1	1	0	0	0	1	0	1	1	1	0	1	0	1	1	1	0	0	0	1	0	0	1	1	0	1	1.214199	0.289677117647059	0.136377116773964	0.153300000873095
"Schwerin_random_14_14"	0	1	1	1	0	1	1	1	1	1	1	1	1	1	0	0	0	0	0	1	1	1	1	0	0	0	1	0	0	0	1.49302	0.689160058823529	0.304651615715755	0.384508443107774
"Schwerin_random_15_14"	0	1	1	1	1	1	1	1	0	0	0	1	1	0	1	1	0	1	1	0	0	1	1	0	0	1	0	0	0	1	1.842514	0.906858117647059	0.29715152451686	0.609706593130199
"Schwerin_random_16_14"	0	1	0	1	1	0	1	1	0	1	0	0	0	0	1	0	0	0	1	1	1	1	1	0	1	0	1	1	1	1	1.906071	1.00655141176471	0.506161657403318	0.500389754361388
"Schwerin_random_17_14"	1	0	1	0	1	1	0	0	1	1	1	1	0	0	0	0	1	0	0	0	1	1	1	1	0	1	0	1	1	1	2.151867	1.49108705882353	0.801610105876654	0.689476952946875
"Schwerin_random_18_14"	0	0	1	1	1	0	1	1	0	1	1	0	0	1	1	1	0	0	0	0	0	1	1	1	1	1	1	0	1	0	1.8322	1.00416029411765	0.550032791926907	0.45412750219074
"Schwerin_random_19_14"	1	1	1	1	0	0	0	1	1	0	0	1	1	0	1	1	1	1	0	0	1	1	1	1	1	0	0	0	0	0	2.251998	1.50211729411765	0.82092859440726	0.681188699710387
"Schwerin_random_20_14"	1	1	1	0	1	0	1	1	0	1	0	1	0	1	1	0	0	1	1	0	0	0	1	0	1	0	1	1	1	0	1.665543	0.85197105882353	0.567699421084676	0.284271637738854
"Schwerin_random_21_14"	1	0	1	1	0	0	0	0	0	1	0	1	1	1	1	0	1	0	1	1	0	0	1	1	0	0	1	1	1	1	1.205993	0.671701176470588	0.512966033418915	0.158735143051674
"Schwerin_random_22_14"	1	1	1	1	1	1	0	1	1	1	0	0	0	1	1	1	1	1	0	0	1	0	1	0	0	0	1	0	0	0	1.389691	0.578027588235294	0.223813153956033	0.354214434279261
"Schwerin_random_23_14"	1	1	0	1	1	1	0	0	1	1	0	1	0	1	0	0	1	0	1	1	1	0	1	1	0	0	1	0	0	1	1.166578	0.498940235294118	0.372879069775602	0.126061165518515
"Schwerin_random_24_14"	0	1	0	1	1	1	1	0	1	0	0	1	1	0	1	0	0	1	0	0	1	1	1	1	0	0	1	1	1	0	1.336298	0.580185411764706	0.243155050089563	0.337030361675143
"Schwerin_random_25_14"	0	0	0	1	0	0	1	1	1	0	0	1	1	1	1	1	1	0	1	1	0	1	1	0	0	0	0	1	1	1	1.802713	1.088653	0.570400313286972	0.518252686713028
"Schwerin_random_26_14"	1	0	1	0	1	1	1	1	1	1	0	0	1	0	1	1	1	1	0	0	0	0	0	1	1	0	1	0	1	0	1.71777	0.772743705882353	0.389834420957502	0.382909284924851
"Schwerin_random_27_14"	0	0	1	0	0	0	1	1	0	0	1	1	0	1	0	1	1	1	0	1	0	1	0	1	1	1	1	0	1	1	1.848102	0.91515594117647	0.5380160829274	0.37713985824907
"Schwerin_random_28_14"	0	1	1	0	1	1	0	0	0	1	0	0	0	0	1	0	1	1	1	1	1	0	1	1	1	1	1	1	0	0	1.525843	0.660572352941176	0.337222664967623	0.323349687973554
"Schwerin_random_29_14"	1	0	0	1	1	1	1	0	0	0	0	1	0	1	1	0	1	1	0	0	0	1	1	1	1	0	0	1	1	1	2.561012	1.746347	1.03135346657636	0.714993533423641
"Schwerin_random_30_14"	1	1	1	1	0	0	1	0	0	0	1	0	0	1	0	1	0	1	1	1	1	0	1	1	1	0	1	0	1	0	1.482549	0.770263529411765	0.516851754002614	0.253411775409151
