"assemblage"	"AVir"	"PMon"	"TBac"	"AAlb"	"PCem"	"LDec"	"BPen"	"QRob"	"PAbi"	"PSyl"	"PNig"	"AInc"	"UGla"	"TPla"	"AGlu"	"QPub"	"SAri"	"PTre"	"APla"	"TCor"	"SAlb"	"QPet"	"CAve"	"SAuc"	"FSyl"	"ACam"	"CSat"	"APse"	"FExc"	"CBet"	"productivity"	"DeltaY"	"Selection"	"Complementarity"
"Cottbus_increasing_15"	1	1	1	1	1	1	1	1	1	1	1	1	1	1	1	1	0	0	0	0	0	0	0	0	0	0	0	0	0	0	1.937693	1.458003375	0.232063653584158	1.22593972141584
"Cottbus_decreasing_15"	0	0	0	0	0	0	0	0	0	0	0	0	0	0	1	1	1	1	1	1	1	1	1	1	1	1	1	1	1	1	1.655978	1.220116125	0.360473566196023	0.859642558803978
"Cottbus_random_1_15"	0	0	0	1	0	0	0	1	1	0	1	1	1	1	0	0	1	1	1	1	0	1	0	0	1	0	0	1	1	1	1.941084	1.615861875	0.675443943932111	0.940417931067889
"Cottbus_random_2_15"	1	0	1	1	0	1	0	0	1	0	0	0	1	0	0	1	0	0	1	1	0	1	0	0	1	1	1	1	1	1	1.630086	1.1840294375	0.424472761119282	0.759556676380718
"Cottbus_random_3_15"	0	1	0	1	1	1	0	0	0	0	1	1	1	1	0	1	0	1	0	0	1	1	1	1	0	1	0	0	0	1	2.057043	1.605555	-0.312584547705397	1.9181395477054
"Cottbus_random_4_15"	1	1	0	0	1	0	1	1	1	0	1	1	0	1	1	0	0	0	0	1	1	0	0	1	0	0	0	1	1	1	1.862208	1.5576469375	0.604403213920993	0.953243723579007
"Cottbus_random_5_15"	0	1	0	1	1	1	1	1	0	0	0	1	1	0	1	0	0	1	1	0	1	0	1	1	0	0	1	0	0	1	1.912547	1.4736605	0.707439575583829	0.766220924416172
"Cottbus_random_6_15"	0	1	1	1	1	0	1	0	1	0	1	0	1	1	0	0	0	0	1	0	0	1	1	1	0	0	1	1	0	1	1.53688	1.21814475	0.566847521751492	0.651297228248508
"Cottbus_random_7_15"	1	0	0	1	0	0	0	1	1	1	0	0	0	1	1	0	1	1	0	0	1	0	1	0	1	1	1	0	1	1	1.923722	1.55120775	0.703871839046695	0.847335910953305
"Cottbus_random_8_15"	1	1	0	1	1	0	0	1	1	1	0	1	0	0	1	0	1	1	0	1	1	0	0	0	0	0	1	0	1	1	1.878671	1.3869936875	0.506865689053041	0.880127998446959
"Cottbus_random_9_15"	1	1	0	0	0	1	1	1	0	0	1	0	1	0	1	1	1	0	0	0	1	1	1	0	1	1	0	0	1	0	2.06012	1.5674619375	0.147259621524573	1.42020231597543
"Cottbus_random_10_15"	1	1	0	1	1	1	0	0	0	0	1	0	1	1	0	1	0	1	0	1	1	0	1	0	1	1	0	0	0	1	1.55792	1.133408375	-0.235719972475959	1.36912834747596
"Cottbus_random_11_15"	1	1	0	0	0	0	1	0	0	1	0	1	0	0	1	1	1	1	0	0	0	1	0	1	1	1	1	1	1	0	1.697155	1.165472875	0.404374074995255	0.761098800004745
"Cottbus_random_12_15"	1	0	0	0	1	1	1	0	0	1	1	1	1	1	1	1	0	1	1	0	0	0	1	0	0	0	0	1	1	0	1.640352	1.2975195625	-0.363363555522717	1.66088311802272
"Cottbus_random_13_15"	1	1	1	0	1	1	0	0	0	1	0	1	1	1	0	1	0	1	1	1	0	0	0	1	0	0	1	0	0	1	1.628429	1.0601028125	0.50002440066078	0.56007841183922
"Cottbus_random_14_15"	0	1	1	1	0	1	1	1	1	1	1	1	1	1	0	0	0	0	0	0	1	1	1	0	0	0	1	0	0	0	1.922262	1.4169699375	0.461702105890617	0.955267831609383
"Cottbus_random_15_15"	0	1	1	1	1	1	1	1	0	0	0	1	0	0	1	1	0	1	1	0	0	1	1	0	0	1	0	0	0	1	2.072119	1.533252625	0.354394897843235	1.17885772715676
"Cottbus_random_16_15"	0	1	0	1	1	0	1	1	0	1	0	0	0	0	1	0	0	0	1	1	1	1	1	0	1	0	1	1	0	1	1.943205	1.397185375	0.524806796977828	0.872378578022172
"Cottbus_random_17_15"	1	0	1	0	1	1	0	0	1	1	1	1	0	0	0	0	1	0	0	0	1	1	1	1	0	1	0	1	1	0	1.645999	1.3205334375	-0.286783850127266	1.60731728762727
"Cottbus_random_18_15"	0	0	1	1	1	0	1	1	0	0	1	0	0	1	1	1	0	0	0	0	0	1	1	1	1	1	1	0	1	0	1.95311	1.50051475	0.575964425805337	0.924550324194663
"Cottbus_random_19_15"	1	1	1	1	0	0	0	1	1	0	0	1	1	0	1	1	1	0	0	0	1	1	1	1	1	0	0	0	0	0	2.067892	1.6541348125	0.504175425965196	1.1499593865348
"Cottbus_random_20_15"	0	1	1	0	1	0	1	1	0	1	0	1	0	1	1	0	0	1	1	0	0	0	1	0	1	0	1	1	1	0	1.889923	1.4474928125	0.683121564262124	0.764371248237876
"Cottbus_random_21_15"	1	0	1	1	0	0	0	0	0	1	0	1	1	1	0	0	1	0	1	1	0	0	1	1	0	0	1	1	1	1	1.557398	1.279211375	0.831009355759936	0.448202019240064
"Cottbus_random_22_15"	1	1	1	1	1	1	0	0	1	1	0	0	0	1	1	1	1	1	0	0	1	0	1	0	0	0	1	0	0	0	1.611323	1.1081489375	0.25142856381587	0.85672037368413
"Cottbus_random_23_15"	1	1	0	1	1	1	0	0	1	0	0	1	0	1	0	0	1	0	1	1	1	0	1	1	0	0	1	0	0	1	1.458499	1.0918940625	0.529728900811228	0.562165161688772
"Cottbus_random_24_15"	0	1	0	1	1	1	1	0	1	0	0	0	1	0	1	0	0	1	0	0	1	1	1	1	0	0	1	1	1	0	1.549633	1.1467031875	0.329589173551464	0.817114013948536
"Cottbus_random_25_15"	0	0	0	1	0	0	1	1	1	0	0	1	1	1	0	1	1	0	1	1	0	1	1	0	0	0	0	1	1	1	1.938039	1.5551493125	0.706507268483867	0.848642044016133
"Cottbus_random_26_15"	1	0	1	0	1	1	1	1	1	1	0	0	0	0	1	1	1	1	0	0	0	0	0	1	1	0	1	0	1	0	1.900047	1.3444681875	0.438840571012606	0.905627616487394
"Cottbus_random_27_15"	0	0	1	0	0	0	1	1	0	0	0	1	0	1	0	1	1	1	0	1	0	1	0	1	1	1	1	0	1	1	1.992612	1.4603673125	0.72032973897461	0.74003757352539
"Cottbus_random_28_15"	0	1	1	0	1	1	0	0	0	1	0	0	0	0	1	0	1	1	1	0	1	0	1	1	1	1	1	1	0	0	1.591707	1.1342355	0.37862547745485	0.75561002254515
"Cottbus_random_29_15"	1	0	0	1	1	1	1	0	0	0	0	1	0	1	0	0	1	1	0	0	0	1	1	1	1	0	0	1	1	1	1.882174	1.5930263125	-0.0438761299527617	1.63690244245276
"Cottbus_random_30_15"	1	1	1	1	0	0	1	0	0	0	1	0	0	0	0	1	0	1	1	1	1	0	1	1	1	0	1	0	1	0	1.590816	1.2071190625	0.460098693500536	0.747020368999464
