"assemblage"	"AVir"	"PMon"	"TBac"	"AAlb"	"PCem"	"LDec"	"BPen"	"QRob"	"PAbi"	"PSyl"	"PNig"	"AInc"	"UGla"	"TPla"	"AGlu"	"QPub"	"SAri"	"PTre"	"APla"	"TCor"	"SAlb"	"QPet"	"CAve"	"SAuc"	"FSyl"	"ACam"	"CSat"	"APse"	"FExc"	"CBet"	"productivity"	"DeltaY"	"Selection"	"Complementarity"
"Sion_increasing_13"	0	1	1	1	1	1	1	1	1	1	1	1	1	1	1	1	1	1	0	0	0	0	0	0	0	0	0	0	0	0	1.099615	1.02462429411765	-0.540688771250103	1.56531306536775
"Sion_decreasing_13"	0	0	0	0	0	0	0	0	0	0	0	0	1	1	1	1	1	1	1	1	1	1	1	1	1	1	1	1	1	1	0.595293	0.558157111111111	-0.0376367537415527	0.595793864852664
"Sion_random_1_13"	0	0	1	1	0	0	0	1	1	0	1	1	1	1	0	0	1	1	1	1	0	1	0	0	1	0	0	1	1	1	0.675828	0.672414764705882	-0.0491306359380998	0.721545400643982
"Sion_random_2_13"	0	0	1	1	0	1	1	0	1	0	0	0	1	0	0	1	1	0	1	1	0	1	0	0	1	1	1	1	1	1	0.560329	0.556755	-0.045829021565204	0.602584021565204
"Sion_random_3_13"	0	1	0	1	1	1	0	0	0	0	1	1	1	1	0	1	0	1	0	0	1	1	1	1	1	1	0	0	1	1	0.908758	0.841707	-0.0874911823907787	0.929198182390779
"Sion_random_4_13"	0	1	0	0	1	0	1	1	1	0	1	1	0	1	1	0	1	0	0	1	1	0	1	1	0	0	0	1	1	1	0.997843	0.968054	-0.226146511886578	1.19420051188658
"Sion_random_5_13"	0	1	0	1	1	1	1	1	0	0	0	1	1	1	1	1	0	1	1	0	1	0	1	1	0	0	1	0	0	1	1.099771	0.994308166666667	-0.319697842206401	1.31400600887307
"Sion_random_6_13"	0	1	1	1	1	0	1	0	1	1	1	0	1	1	0	0	1	0	1	0	0	1	1	1	0	0	1	1	0	1	0.977657	0.885024555555556	-0.221752836636283	1.10677739219184
"Sion_random_7_13"	0	0	0	1	0	0	1	1	1	1	0	0	0	1	1	0	1	1	0	0	1	0	1	1	1	1	1	0	1	1	1.013833	0.982021470588235	-0.200061785218171	1.18208325580641
"Sion_random_8_13"	0	1	0	1	1	0	0	1	1	1	1	1	0	0	1	0	1	1	0	1	1	0	0	0	0	1	1	0	1	1	1.11625	1.04698364705882	-0.462066324493865	1.50904997155269
"Sion_random_9_13"	0	1	0	0	0	1	1	1	0	0	1	0	1	0	1	1	1	0	0	0	1	1	1	1	1	1	1	0	1	0	1.111685	1.06274723529412	-0.315975407315229	1.37872264260935
"Sion_random_10_13"	0	1	0	1	1	1	0	0	0	0	1	0	1	1	0	1	1	1	0	1	1	0	1	1	1	1	0	0	0	1	0.915306	0.895160235294117	-0.0492911180785318	0.944451353372649
"Sion_random_11_13"	0	1	0	0	0	0	1	0	0	1	0	1	0	0	1	1	1	1	0	1	0	1	1	1	1	1	1	1	1	0	1.053875	0.995144294117647	-0.328420332256878	1.32356462637453
"Sion_random_12_13"	0	0	1	0	1	1	1	0	0	1	1	1	1	1	1	1	0	1	1	0	0	0	1	0	1	0	0	1	1	0	0.841954	0.830457176470588	-0.0658063431433932	0.896263519613981
"Sion_random_13_13"	0	1	1	0	1	1	0	0	0	1	0	1	1	1	0	1	0	1	1	1	0	0	0	1	0	0	1	1	1	1	1.043263	0.987695470588235	-0.378519659852714	1.36621513044095
"Sion_random_14_13"	0	1	1	1	0	1	1	1	1	1	1	1	1	1	0	0	0	1	0	1	1	1	1	0	0	0	1	0	0	0	1.101279	0.975337	-0.490158214621678	1.46549521462168
"Sion_random_15_13"	0	1	1	1	1	1	1	1	0	0	0	1	1	0	1	1	1	1	1	0	0	1	1	0	0	1	0	0	0	1	1.075005	0.976252555555556	-0.286750040269289	1.26300259582484
"Sion_random_16_13"	0	1	0	1	1	0	1	1	0	1	0	0	1	0	1	0	0	0	1	1	1	1	1	0	1	0	1	1	1	1	1.112525	0.988486166666667	-0.477367126137082	1.46585329280375
"Sion_random_17_13"	0	0	1	0	1	1	0	0	1	1	1	1	0	0	0	0	1	0	0	0	1	1	1	1	0	1	1	1	1	1	0.822063	0.812831823529412	0.0266622785671368	0.786169544962275
"Sion_random_18_13"	0	0	1	1	1	0	1	1	0	1	1	0	0	1	1	1	1	0	0	0	0	1	1	1	1	1	1	0	1	0	1.059787	0.957926222222222	-0.248608126095098	1.20653434831732
"Sion_random_19_13"	0	1	1	1	0	0	0	1	1	0	0	1	1	1	1	1	1	1	0	0	1	1	1	1	1	0	0	0	0	0	1.088777	1.04918229411765	-0.378534715295974	1.42771700941362
"Sion_random_20_13"	0	1	1	1	1	0	1	1	0	1	0	1	0	1	1	0	0	1	1	0	0	0	1	0	1	0	1	1	1	0	1.09276	1.02806982352941	-0.586928753449209	1.61499857697862
"Sion_random_21_13"	0	0	1	1	0	1	0	0	0	1	0	1	1	1	1	0	1	0	1	1	0	0	1	1	0	0	1	1	1	1	0.824439	0.815684647058823	-0.00336486660132183	0.819049513660145
"Sion_random_22_13"	0	1	1	1	1	1	0	1	1	1	0	0	0	1	1	1	1	1	1	0	1	0	1	0	0	0	1	0	0	0	1.139154	1.057923	-0.523140105893552	1.58106310589355
"Sion_random_23_13"	0	1	0	1	1	1	0	0	1	1	0	1	0	1	0	0	1	0	1	1	1	0	1	1	0	1	1	0	0	1	0.991475	0.947044352941177	-0.244233903337924	1.1912782562791
"Sion_random_24_13"	0	1	0	1	1	1	1	0	1	0	0	1	1	0	1	0	0	1	0	1	1	1	1	1	0	0	1	1	1	0	0.872187	0.812234222222222	-0.0104838283003824	0.822718050522605
"Sion_random_25_13"	0	0	0	1	0	0	1	1	1	0	0	1	1	1	1	1	1	0	1	1	0	1	1	0	1	0	0	1	1	1	0.879556	0.822457444444444	-0.107355309282012	0.929812753726457
"Sion_random_26_13"	0	0	1	0	1	1	1	1	1	1	0	0	1	0	1	1	1	1	0	0	0	0	0	1	1	0	1	1	1	0	1.068977	1.02498788235294	-0.263369960438108	1.28835784279105
"Sion_random_27_13"	0	0	1	0	0	0	1	1	0	0	1	1	0	1	0	1	1	1	0	1	0	1	0	1	1	1	1	1	1	1	0.946705	0.877360555555556	-0.135181415545845	1.0125419711014
"Sion_random_28_13"	0	1	1	0	1	1	0	0	0	1	0	1	0	0	1	0	1	1	1	1	1	0	1	1	1	1	1	1	0	0	1.005134	0.907311666666667	-0.23761892957704	1.14493059624371
"Sion_random_29_13"	0	0	0	1	1	1	1	0	0	1	0	1	0	1	1	0	1	1	0	0	0	1	1	1	1	0	0	1	1	1	0.758052	0.754840588235294	0.0782331182549992	0.676607469980295
"Sion_random_30_13"	0	1	1	1	0	0	1	0	0	0	1	0	0	1	0	1	0	1	1	1	1	0	1	1	1	0	1	1	1	0	0.953237	0.930704058823529	-0.190016376353325	1.12072043517685
