"assemblage"	"AVir"	"PMon"	"TBac"	"AAlb"	"PCem"	"LDec"	"BPen"	"QRob"	"PAbi"	"PSyl"	"PNig"	"AInc"	"UGla"	"TPla"	"AGlu"	"QPub"	"SAri"	"PTre"	"APla"	"TCor"	"SAlb"	"QPet"	"CAve"	"SAuc"	"FSyl"	"ACam"	"CSat"	"APse"	"FExc"	"CBet"	"productivity"	"DeltaY"	"Selection"	"Complementarity"
"Cottbus_increasing_16"	1	1	1	1	1	1	1	1	1	1	1	1	1	1	1	0	0	0	0	0	0	0	0	0	0	0	0	0	0	0	1.907618	1.50471893333333	0.392841467318448	1.11187746601489
"Cottbus_decreasing_16"	0	0	0	0	0	0	0	0	0	0	0	0	0	0	0	1	1	1	1	1	1	1	1	1	1	1	1	1	1	1	1.656806	1.19235306666667	0.432458333561065	0.759894733105602
"Cottbus_random_1_16"	0	0	0	1	0	0	0	1	1	0	1	1	1	1	0	0	1	1	1	1	0	1	0	0	0	0	0	1	1	1	1.873765	1.5437224	0.664972048184831	0.878750351815169
"Cottbus_random_2_16"	1	0	0	1	0	1	0	0	1	0	0	0	1	0	0	1	0	0	1	1	0	1	0	0	1	1	1	1	1	1	1.639109	1.16407073333333	0.347994638695477	0.816076094637856
"Cottbus_random_3_16"	0	1	0	1	1	1	0	0	0	0	1	1	1	1	0	1	0	0	0	0	1	1	1	1	0	1	0	0	0	1	2.025066	1.57843613333333	-0.263963113313236	1.84239924664657
"Cottbus_random_4_16"	1	1	0	0	1	0	1	1	1	0	1	1	0	1	1	0	0	0	0	1	0	0	0	1	0	0	0	1	1	1	1.903116	1.57876446666667	0.737443669400276	0.84132079726639
"Cottbus_random_5_16"	0	0	0	1	1	1	1	1	0	0	0	1	1	0	1	0	0	1	1	0	1	0	1	1	0	0	1	0	0	1	1.900529	1.515781	0.850731104831381	0.665049895168618
"Cottbus_random_6_16"	0	1	1	1	1	0	1	0	1	0	0	0	1	1	0	0	0	0	1	0	0	1	1	1	0	0	1	1	0	1	1.525677	1.18619533333333	0.662282883056452	0.523912450276881
"Cottbus_random_7_16"	1	0	0	1	0	0	0	1	1	1	0	0	0	1	1	0	1	1	0	0	1	0	1	0	1	0	1	0	1	1	1.897768	1.5220596	0.685310758940636	0.836748841059365
"Cottbus_random_8_16"	1	1	0	1	1	0	0	1	0	1	0	1	0	0	1	0	1	1	0	1	1	0	0	0	0	0	1	0	1	1	1.865372	1.34179586666667	0.50051137243055	0.841284494236116
"Cottbus_random_9_16"	1	1	0	0	0	1	1	1	0	0	1	0	1	0	1	1	1	0	0	0	1	1	1	0	1	0	0	0	1	0	2.098944	1.5950822	0.198420588207841	1.39666161179216
"Cottbus_random_10_16"	1	1	0	1	1	1	0	0	0	0	1	0	1	1	0	1	0	1	0	1	0	0	1	0	1	1	0	0	0	1	1.583143	1.1308442	-0.115373637199795	1.2462178371998
"Cottbus_random_11_16"	1	1	0	0	0	0	1	0	0	1	0	0	0	0	1	1	1	1	0	0	0	1	0	1	1	1	1	1	1	0	1.699015	1.13269826666667	0.297198854905132	0.835499411761535
"Cottbus_random_12_16"	1	0	0	0	1	1	1	0	0	1	1	1	1	0	1	1	0	1	1	0	0	0	1	0	0	0	0	1	1	0	1.638104	1.27495566666667	-0.267640517855639	1.54259618452231
"Cottbus_random_13_16"	1	1	1	0	1	1	0	0	0	1	0	1	1	1	0	0	0	1	1	1	0	0	0	1	0	0	1	0	0	1	1.570535	1.07309026666667	0.579700079088475	0.493390187578192
"Cottbus_random_14_16"	0	1	1	1	0	1	0	1	1	1	1	1	1	1	0	0	0	0	0	0	1	1	1	0	0	0	1	0	0	0	1.93576	1.40007173333333	0.38666885182999	1.01340288150334
"Cottbus_random_15_16"	0	1	1	1	1	1	0	1	0	0	0	1	0	0	1	1	0	1	1	0	0	1	1	0	0	1	0	0	0	1	2.132257	1.56075613333333	0.38277233551362	1.17798379781971
"Cottbus_random_16_16"	0	1	0	1	1	0	1	1	0	1	0	0	0	0	1	0	0	0	0	1	1	1	1	0	1	0	1	1	0	1	1.93388	1.3548384	0.465072513961161	0.889765886038839
"Cottbus_random_17_16"	1	0	1	0	1	1	0	0	1	1	1	1	0	0	0	0	1	0	0	0	1	0	1	1	0	1	0	1	1	0	1.463332	1.19772533333333	-0.23743238758972	1.43515772092305
"Cottbus_random_18_16"	0	0	1	1	1	0	1	1	0	0	1	0	0	1	1	1	0	0	0	0	0	1	1	1	1	1	0	0	1	0	2.065702	1.66929526666667	0.542463964039334	1.12683130262733
"Cottbus_random_19_16"	1	1	1	1	0	0	0	1	1	0	0	1	0	0	1	1	1	0	0	0	1	1	1	1	1	0	0	0	0	0	2.074594	1.63704006666667	0.462165520523318	1.17487454614335
"Cottbus_random_20_16"	0	1	1	0	0	0	1	1	0	1	0	1	0	1	1	0	0	1	1	0	0	0	1	0	1	0	1	1	1	0	1.892701	1.4543884	0.641637807896321	0.81275059210368
"Cottbus_random_21_16"	1	0	1	1	0	0	0	0	0	1	0	1	0	1	0	0	1	0	1	1	0	0	1	1	0	0	1	1	1	1	1.543384	1.25043866666667	0.825477903086918	0.424960763579749
"Cottbus_random_22_16"	1	1	0	1	1	1	0	0	1	1	0	0	0	1	1	1	1	1	0	0	1	0	1	0	0	0	1	0	0	0	1.643027	1.1070634	0.260887793143364	0.846175606856635
"Cottbus_random_23_16"	1	1	0	1	1	1	0	0	1	0	0	1	0	1	0	0	0	0	1	1	1	0	1	1	0	0	1	0	0	1	1.471459	1.0983186	0.513418930806446	0.584899669193555
"Cottbus_random_24_16"	0	1	0	1	1	1	1	0	1	0	0	0	1	0	1	0	0	0	0	0	1	1	1	1	0	0	1	1	1	0	1.49658	1.10174553333333	0.296232203986337	0.805513329346996
"Cottbus_random_25_16"	0	0	0	1	0	0	1	1	1	0	0	0	1	1	0	1	1	0	1	1	0	1	1	0	0	0	0	1	1	1	2.008249	1.6006442	0.75041561046199	0.850228589538011
"Cottbus_random_26_16"	1	0	1	0	1	1	0	1	1	1	0	0	0	0	1	1	1	1	0	0	0	0	0	1	1	0	1	0	1	0	1.928106	1.33877853333333	0.382556606988407	0.956221926344926
"Cottbus_random_27_16"	0	0	1	0	0	0	1	1	0	0	0	1	0	1	0	1	1	1	0	1	0	1	0	1	1	1	1	0	1	0	1.971315	1.4194628	0.728434460007338	0.691028339992661
"Cottbus_random_28_16"	0	1	1	0	1	1	0	0	0	1	0	0	0	0	1	0	1	1	0	0	1	0	1	1	1	1	1	1	0	0	1.628981	1.14439073333333	0.37599846706987	0.768392266263463
"Cottbus_random_29_16"	1	0	0	1	1	1	1	0	0	0	0	1	0	1	0	0	1	1	0	0	0	0	1	1	1	0	0	1	1	1	1.617802	1.3909344	-0.125982582540614	1.51691698254061
"Cottbus_random_30_16"	1	1	1	1	0	0	1	0	0	0	1	0	0	0	0	1	0	1	1	1	0	0	1	1	1	0	1	0	1	0	1.583049	1.17428586666667	0.471591065019898	0.702694801646769
