"assemblage"	"AVir"	"PMon"	"TBac"	"AAlb"	"PCem"	"LDec"	"BPen"	"QRob"	"PAbi"	"PSyl"	"PNig"	"AInc"	"UGla"	"TPla"	"AGlu"	"QPub"	"SAri"	"PTre"	"APla"	"TCor"	"SAlb"	"QPet"	"CAve"	"SAuc"	"FSyl"	"ACam"	"CSat"	"APse"	"FExc"	"CBet"	"productivity"	"DeltaY"	"Selection"	"Complementarity"
"Schwerin_increasing_12"	1	1	1	1	1	1	1	1	1	1	1	1	1	1	1	1	1	1	1	0	0	0	0	0	0	0	0	0	0	0	1.601334	0.819765105263158	-0.00330693990887082	0.823072045172029
"Schwerin_increasing_13"	1	1	1	1	1	1	1	1	1	1	1	1	1	1	1	1	1	1	0	0	0	0	0	0	0	0	0	0	0	0	1.578553	0.779208166666667	0.0367784807826944	0.742429685883972
"Schwerin_increasing_14"	1	1	1	1	1	1	1	1	1	1	1	1	1	1	1	1	1	0	0	0	0	0	0	0	0	0	0	0	0	0	1.633386	0.885622	0.141191985343614	0.744430014656386
"Schwerin_increasing_15"	1	1	1	1	1	1	1	1	1	1	1	1	1	1	1	1	0	0	0	0	0	0	0	0	0	0	0	0	0	0	1.594619	0.8282534375	0.0278313057622653	0.800422131737735
"Schwerin_increasing_16"	1	1	1	1	1	1	1	1	1	1	1	1	1	1	1	0	0	0	0	0	0	0	0	0	0	0	0	0	0	0	1.539754	0.829432	0.120827416851942	0.708604583148058
"Schwerin_increasing_17"	1	1	1	1	1	1	1	1	1	1	1	1	1	1	0	0	0	0	0	0	0	0	0	0	0	0	0	0	0	0	1.562632	0.802654071428571	0.250336598252242	0.55231747317633
"Schwerin_increasing_18"	1	1	1	1	1	1	1	1	1	1	1	1	1	0	0	0	0	0	0	0	0	0	0	0	0	0	0	0	0	0	1.647758	0.869543615384615	0.276903721998669	0.592639893385946
"Schwerin_decreasing_12"	0	0	0	0	0	0	0	0	0	0	0	1	1	1	1	1	1	1	1	1	1	1	1	1	1	1	1	1	1	1	1.76566	0.993932631578948	0.57929682801523	0.414635803563718
"Schwerin_decreasing_13"	0	0	0	0	0	0	0	0	0	0	0	0	1	1	1	1	1	1	1	1	1	1	1	1	1	1	1	1	1	1	1.771967	0.959168444444444	0.531064568742067	0.428103875702377
"Schwerin_decreasing_14"	0	0	0	0	0	0	0	0	0	0	0	0	0	1	1	1	1	1	1	1	1	1	1	1	1	1	1	1	1	1	1.754818	0.929375823529412	0.489458571767814	0.439917251761598
"Schwerin_decreasing_15"	0	0	0	0	0	0	0	0	0	0	0	0	0	0	1	1	1	1	1	1	1	1	1	1	1	1	1	1	1	1	1.716472	0.8721211875	0.481002983850413	0.391118203649587
"Schwerin_decreasing_16"	0	0	0	0	0	0	0	0	0	0	0	0	0	0	0	1	1	1	1	1	1	1	1	1	1	1	1	1	1	1	1.696677	0.7970454	0.440872577098756	0.356172822901244
"Schwerin_decreasing_17"	0	0	0	0	0	0	0	0	0	0	0	0	0	0	0	0	1	1	1	1	1	1	1	1	1	1	1	1	1	1	1.770959	0.921855071428571	0.548882384412608	0.372972687015964
"Schwerin_decreasing_18"	0	0	0	0	0	0	0	0	0	0	0	0	0	0	0	0	0	1	1	1	1	1	1	1	1	1	1	1	1	1	1.751118	0.871324461538461	0.503551205187823	0.367773256350638
"Schwerin_random_1_12"	1	0	1	1	1	0	0	1	1	0	1	1	1	1	0	0	1	1	1	1	0	1	0	0	1	0	0	1	1	1	2.142553	1.36947794736842	0.833068226817871	0.53640972055055
"Schwerin_random_1_13"	1	0	1	1	0	0	0	1	1	0	1	1	1	1	0	0	1	1	1	1	0	1	0	0	1	0	0	1	1	1	2.189479	1.42363466666667	0.900729741170734	0.522904925495933
"Schwerin_random_1_14"	0	0	1	1	0	0	0	1	1	0	1	1	1	1	0	0	1	1	1	1	0	1	0	0	1	0	0	1	1	1	2.188377	1.37767364705882	0.792056219153434	0.58561742790539
"Schwerin_random_1_15"	0	0	0	1	0	0	0	1	1	0	1	1	1	1	0	0	1	1	1	1	0	1	0	0	1	0	0	1	1	1	2.139673	1.3177400625	0.795098694032372	0.522641368467628
"Schwerin_random_1_16"	0	0	0	1	0	0	0	1	1	0	1	1	1	1	0	0	1	1	1	1	0	1	0	0	0	0	0	1	1	1	1.834419	1.09390713333333	0.607611299172903	0.48629583416043
"Schwerin_random_1_17"	0	0	0	1	0	0	0	1	1	0	1	1	0	1	0	0	1	1	1	1	0	1	0	0	0	0	0	1	1	1	1.791603	1.0409015	0.556539086716162	0.484362413283838
"Schwerin_random_1_18"	0	0	0	1	0	0	0	1	1	0	1	1	0	0	0	0	1	1	1	1	0	1	0	0	0	0	0	1	1	1	1.793819	1.02559461538462	0.531534840357287	0.494059775027328
"Schwerin_random_2_12"	1	0	1	1	0	1	1	0	1	0	0	0	1	0	0	1	1	0	1	1	0	1	0	1	1	1	1	1	1	1	1.745956	0.864785842105263	0.525122501760455	0.339663340344808
"Schwerin_random_2_13"	1	0	1	1	0	1	1	0	1	0	0	0	1	0	0	1	1	0	1	1	0	1	0	0	1	1	1	1	1	1	1.802118	0.890920833333333	0.526065829453279	0.364855003880055
"Schwerin_random_2_14"	1	0	1	1	0	1	0	0	1	0	0	0	1	0	0	1	1	0	1	1	0	1	0	0	1	1	1	1	1	1	1.802187	0.900288529411765	0.520047569900114	0.380240959511651
"Schwerin_random_2_15"	1	0	1	1	0	1	0	0	1	0	0	0	1	0	0	1	0	0	1	1	0	1	0	0	1	1	1	1	1	1	1.851234	0.9211005625	0.534334987337915	0.386765575162085
"Schwerin_random_2_16"	1	0	0	1	0	1	0	0	1	0	0	0	1	0	0	1	0	0	1	1	0	1	0	0	1	1	1	1	1	1	1.760632	0.810558333333333	0.434046374736953	0.376511958596381
"Schwerin_random_2_17"	0	0	0	1	0	1	0	0	1	0	0	0	1	0	0	1	0	0	1	1	0	1	0	0	1	1	1	1	1	1	1.776894	0.759189428571429	0.337319129851478	0.421870298719951
"Schwerin_random_2_18"	0	0	0	1	0	1	0	0	1	0	0	0	1	0	0	1	0	0	1	1	0	1	0	0	0	1	1	1	1	1	1.443707	0.504890461538462	0.168996687894055	0.335893773644407
"Schwerin_random_3_12"	0	1	0	1	1	1	0	0	0	0	1	1	1	1	0	1	0	1	0	0	1	1	1	1	1	1	0	1	1	1	2.541838	1.68188868421053	0.679874816905684	1.00201386730484
"Schwerin_random_3_13"	0	1	0	1	1	1	0	0	0	0	1	1	1	1	0	1	0	1	0	0	1	1	1	1	1	1	0	0	1	1	2.570512	1.71306438888889	0.704164274882097	1.00890011400679
"Schwerin_random_3_14"	0	1	0	1	1	1	0	0	0	0	1	1	1	1	0	1	0	1	0	0	1	1	1	1	1	1	0	0	0	1	2.540124	1.64836623529412	0.603076309293947	1.04528992600017
"Schwerin_random_3_15"	0	1	0	1	1	1	0	0	0	0	1	1	1	1	0	1	0	1	0	0	1	1	1	1	0	1	0	0	0	1	2.167661	1.3478714375	0.447309014130489	0.900562423369511
"Schwerin_random_3_16"	0	1	0	1	1	1	0	0	0	0	1	1	1	1	0	1	0	0	0	0	1	1	1	1	0	1	0	0	0	1	2.153723	1.39102873333333	0.518909539253833	0.8721191940795
"Schwerin_random_3_17"	0	1	0	1	1	1	0	0	0	0	1	1	1	1	0	1	0	0	0	0	1	0	1	1	0	1	0	0	0	1	1.634941	0.957166642857143	-0.360190862035056	1.3173575048922
"Schwerin_random_3_18"	0	1	0	1	1	0	0	0	0	0	1	1	1	1	0	1	0	0	0	0	1	0	1	1	0	1	0	0	0	1	1.566407	1.00025930769231	-0.105030639108008	1.10528994680032
"Schwerin_random_4_12"	1	1	0	0	1	0	1	1	1	1	1	1	0	1	1	0	1	0	0	1	1	0	1	1	0	0	0	1	1	1	1.456984	0.863100105263158	0.387575390514562	0.475524714748596
"Schwerin_random_4_13"	1	1	0	0	1	0	1	1	1	0	1	1	0	1	1	0	1	0	0	1	1	0	1	1	0	0	0	1	1	1	1.488776	0.939006833333333	0.483532011584103	0.45547482174923
"Schwerin_random_4_14"	1	1	0	0	1	0	1	1	1	0	1	1	0	1	1	0	0	0	0	1	1	0	1	1	0	0	0	1	1	1	1.477972	0.922342235294118	0.49811810569926	0.424224129594858
"Schwerin_random_4_15"	1	1	0	0	1	0	1	1	1	0	1	1	0	1	1	0	0	0	0	1	1	0	0	1	0	0	0	1	1	1	1.47807	0.8897591875	0.453373690365702	0.436385497134298
"Schwerin_random_4_16"	1	1	0	0	1	0	1	1	1	0	1	1	0	1	1	0	0	0	0	1	0	0	0	1	0	0	0	1	1	1	1.470876	0.844705	0.404503253363392	0.440201746636608
"Schwerin_random_4_17"	1	1	0	0	1	0	1	1	1	0	0	1	0	1	1	0	0	0	0	1	0	0	0	1	0	0	0	1	1	1	1.443437	0.773725571428571	0.448419403469977	0.325306167958594
"Schwerin_random_4_18"	1	1	0	0	1	0	0	1	1	0	0	1	0	1	1	0	0	0	0	1	0	0	0	1	0	0	0	1	1	1	1.458606	0.819630230769231	0.495253023412108	0.324377207357122
"Schwerin_random_5_12"	0	1	0	1	1	1	1	1	0	0	0	1	1	1	1	1	0	1	1	0	1	0	1	1	0	0	1	1	0	1	1.409205	0.583606736842105	0.223098968859159	0.360507767982947
"Schwerin_random_5_13"	0	1	0	1	1	1	1	1	0	0	0	1	1	1	1	1	0	1	1	0	1	0	1	1	0	0	1	0	0	1	1.375244	0.554055833333333	0.228909689211753	0.32514614412158
"Schwerin_random_5_14"	0	1	0	1	1	1	1	1	0	0	0	1	1	0	1	1	0	1	1	0	1	0	1	1	0	0	1	0	0	1	1.355198	0.516463705882353	0.202008652943561	0.314455052938792
"Schwerin_random_5_15"	0	1	0	1	1	1	1	1	0	0	0	1	1	0	1	0	0	1	1	0	1	0	1	1	0	0	1	0	0	1	1.399212	0.6084955	0.271561032687132	0.336934467312868
"Schwerin_random_5_16"	0	0	0	1	1	1	1	1	0	0	0	1	1	0	1	0	0	1	1	0	1	0	1	1	0	0	1	0	0	1	1.39025	0.632576933333333	0.338248032307796	0.294328901025537
"Schwerin_random_5_17"	0	0	0	1	0	1	1	1	0	0	0	1	1	0	1	0	0	1	1	0	1	0	1	1	0	0	1	0	0	1	1.420315	0.673038714285714	0.374858149546798	0.298180564738917
"Schwerin_random_5_18"	0	0	0	1	0	1	1	1	0	0	0	1	1	0	1	0	0	1	1	0	0	0	1	1	0	0	1	0	0	1	1.350733	0.547543769230769	0.279302856373289	0.26824091285748
"Schwerin_random_6_12"	0	1	1	1	1	0	1	1	1	1	1	0	1	1	0	0	1	0	1	0	0	1	1	1	0	0	1	1	0	1	1.527791	0.738599	0.461796645816036	0.276802354183964
"Schwerin_random_6_13"	0	1	1	1	1	0	1	0	1	1	1	0	1	1	0	0	1	0	1	0	0	1	1	1	0	0	1	1	0	1	1.459608	0.710631555555556	0.403848073074406	0.306783482481149
"Schwerin_random_6_14"	0	1	1	1	1	0	1	0	1	1	1	0	1	1	0	0	0	0	1	0	0	1	1	1	0	0	1	1	0	1	1.433549	0.666993882352941	0.356694613774735	0.310299268578206
"Schwerin_random_6_15"	0	1	1	1	1	0	1	0	1	0	1	0	1	1	0	0	0	0	1	0	0	1	1	1	0	0	1	1	0	1	1.504262	0.776544	0.474970215747388	0.301573784252612
"Schwerin_random_6_16"	0	1	1	1	1	0	1	0	1	0	0	0	1	1	0	0	0	0	1	0	0	1	1	1	0	0	1	1	0	1	1.463043	0.687917466666667	0.448198411172079	0.239719055494588
"Schwerin_random_6_17"	0	1	1	1	0	0	1	0	1	0	0	0	1	1	0	0	0	0	1	0	0	1	1	1	0	0	1	1	0	1	1.468251	0.702275642857143	0.475384513298789	0.226891129558354
"Schwerin_random_6_18"	0	1	1	1	0	0	1	0	1	0	0	0	1	0	0	0	0	0	1	0	0	1	1	1	0	0	1	1	0	1	1.472025	0.687351846153846	0.465210567483487	0.22214127867036
"Schwerin_random_7_12"	1	1	0	1	0	0	1	1	1	1	0	0	0	1	1	0	1	1	0	0	1	0	1	1	1	1	1	0	1	1	1.703824	0.963851736842105	0.603899085300404	0.359952651541702
"Schwerin_random_7_13"	1	0	0	1	0	0	1	1	1	1	0	0	0	1	1	0	1	1	0	0	1	0	1	1	1	1	1	0	1	1	1.683716	0.974099055555556	0.618120553860596	0.35597850169496
"Schwerin_random_7_14"	1	0	0	1	0	0	0	1	1	1	0	0	0	1	1	0	1	1	0	0	1	0	1	1	1	1	1	0	1	1	1.705154	1.01669341176471	0.653327631985511	0.363365779779195
"Schwerin_random_7_15"	1	0	0	1	0	0	0	1	1	1	0	0	0	1	1	0	1	1	0	0	1	0	1	0	1	1	1	0	1	1	1.701137	0.990940375	0.638170414608572	0.352769960391428
"Schwerin_random_7_16"	1	0	0	1	0	0	0	1	1	1	0	0	0	1	1	0	1	1	0	0	1	0	1	0	1	0	1	0	1	1	1.691595	0.967336533333333	0.616281030019813	0.351055503313521
"Schwerin_random_7_17"	1	0	0	1	0	0	0	1	1	1	0	0	0	1	1	0	1	1	0	0	1	0	0	0	1	0	1	0	1	1	1.710125	0.936471857142857	0.58389345733395	0.352578399808907
"Schwerin_random_7_18"	1	0	0	1	0	0	0	1	1	1	0	0	0	1	1	0	1	1	0	0	1	0	0	0	1	0	0	0	1	1	2.235622	1.48500423076923	0.767882576619094	0.717121654150136
"Schwerin_random_8_12"	1	1	0	1	1	1	0	1	1	1	1	1	0	0	1	0	1	1	0	1	1	0	0	0	0	1	1	0	1	1	1.433907	0.697780789473684	0.289413920993662	0.408366868480023
"Schwerin_random_8_13"	1	1	0	1	1	0	0	1	1	1	1	1	0	0	1	0	1	1	0	1	1	0	0	0	0	1	1	0	1	1	1.382793	0.724044277777778	0.383055645428998	0.340988632348779
"Schwerin_random_8_14"	1	1	0	1	1	0	0	1	1	1	1	1	0	0	1	0	1	1	0	1	1	0	0	0	0	0	1	0	1	1	1.39308	0.724950117647059	0.387721314886392	0.337228802760667
"Schwerin_random_8_15"	1	1	0	1	1	0	0	1	1	1	0	1	0	0	1	0	1	1	0	1	1	0	0	0	0	0	1	0	1	1	1.429675	0.7208248125	0.419033094536638	0.301791717963362
"Schwerin_random_8_16"	1	1	0	1	1	0	0	1	0	1	0	1	0	0	1	0	1	1	0	1	1	0	0	0	0	0	1	0	1	1	1.341608	0.608910266666667	0.359896604918883	0.249013661747784
"Schwerin_random_8_17"	1	1	0	1	1	0	0	1	0	1	0	1	0	0	1	0	1	0	0	1	1	0	0	0	0	0	1	0	1	1	1.30284	0.637536642857143	0.412909192030109	0.224627450827034
"Schwerin_random_8_18"	1	1	0	0	1	0	0	1	0	1	0	1	0	0	1	0	1	0	0	1	1	0	0	0	0	0	1	0	1	1	1.360504	0.659074076923077	0.415038181985763	0.244035894937314
"Schwerin_random_9_12"	1	1	0	0	0	1	1	1	0	0	1	0	1	1	1	1	1	0	0	0	1	1	1	1	1	1	1	0	1	0	1.840777	1.02784310526316	0.527495724978255	0.500347380284903
"Schwerin_random_9_13"	1	1	0	0	0	1	1	1	0	0	1	0	1	0	1	1	1	0	0	0	1	1	1	1	1	1	1	0	1	0	1.760888	0.931841333333333	0.414290091220622	0.517551242112711
"Schwerin_random_9_14"	1	1	0	0	0	1	1	1	0	0	1	0	1	0	1	1	1	0	0	0	1	1	1	1	1	1	0	0	1	0	2.219968	1.40527817647059	0.659790224662778	0.74548795180781
"Schwerin_random_9_15"	1	1	0	0	0	1	1	1	0	0	1	0	1	0	1	1	1	0	0	0	1	1	1	0	1	1	0	0	1	0	2.190399	1.3460838125	0.543143795608356	0.802940016891644
"Schwerin_random_9_16"	1	1	0	0	0	1	1	1	0	0	1	0	1	0	1	1	1	0	0	0	1	1	1	0	1	0	0	0	1	0	2.19948	1.33216173333333	0.528242797313531	0.803918936019802
"Schwerin_random_9_17"	1	1	0	0	0	1	1	1	0	0	1	0	1	0	1	1	1	0	0	0	1	1	1	0	0	0	0	0	1	0	1.791741	1.00841778571429	0.3041529762393	0.704264809474985
"Schwerin_random_9_18"	1	1	0	0	0	1	1	1	0	0	1	0	1	0	1	1	1	0	0	0	1	1	0	0	0	0	0	0	1	0	1.83756	0.996499076923077	0.202424177717295	0.794074899205782
"Schwerin_random_10_12"	1	1	0	1	1	1	0	0	0	0	1	0	1	1	1	1	1	1	0	1	1	0	1	1	1	1	0	0	0	1	2.09669	1.33358726315789	0.336280384506303	0.997306878651592
"Schwerin_random_10_13"	1	1	0	1	1	1	0	0	0	0	1	0	1	1	0	1	1	1	0	1	1	0	1	1	1	1	0	0	0	1	2.090839	1.28618272222222	0.416149727592105	0.870032994630117
"Schwerin_random_10_14"	1	1	0	1	1	1	0	0	0	0	1	0	1	1	0	1	0	1	0	1	1	0	1	1	1	1	0	0	0	1	2.06587	1.24035976470588	0.308138561983538	0.932221202722344
"Schwerin_random_10_15"	1	1	0	1	1	1	0	0	0	0	1	0	1	1	0	1	0	1	0	1	1	0	1	0	1	1	0	0	0	1	2.083624	1.227812125	0.282491939776702	0.945320185223298
"Schwerin_random_10_16"	1	1	0	1	1	1	0	0	0	0	1	0	1	1	0	1	0	1	0	1	0	0	1	0	1	1	0	0	0	1	2.122179	1.21067353333333	0.38958155629217	0.821091977041164
"Schwerin_random_10_17"	1	1	0	1	1	1	0	0	0	0	1	0	1	1	0	0	0	1	0	1	0	0	1	0	1	1	0	0	0	1	2.08784	1.22601407142857	0.424159536859074	0.801854534569498
"Schwerin_random_10_18"	1	1	0	0	1	1	0	0	0	0	1	0	1	1	0	0	0	1	0	1	0	0	1	0	1	1	0	0	0	1	2.033711	1.12064138461538	0.41137239067799	0.709268993937394
"Schwerin_random_11_12"	1	1	0	0	0	0	1	0	0	1	0	1	1	0	1	1	1	1	0	1	0	1	1	1	1	1	1	1	1	0	1.693754	0.846385684210527	0.506505438052461	0.339880246158066
"Schwerin_random_11_13"	1	1	0	0	0	0	1	0	0	1	0	1	0	0	1	1	1	1	0	1	0	1	1	1	1	1	1	1	1	0	1.661239	0.800008944444444	0.466607349635798	0.333401594808646
"Schwerin_random_11_14"	1	1	0	0	0	0	1	0	0	1	0	1	0	0	1	1	1	1	0	1	0	1	0	1	1	1	1	1	1	0	1.745339	0.835373823529412	0.439034004527619	0.396339819001793
"Schwerin_random_11_15"	1	1	0	0	0	0	1	0	0	1	0	1	0	0	1	1	1	1	0	0	0	1	0	1	1	1	1	1	1	0	1.713001	0.799573625	0.405260736728833	0.394312888271168
"Schwerin_random_11_16"	1	1	0	0	0	0	1	0	0	1	0	0	0	0	1	1	1	1	0	0	0	1	0	1	1	1	1	1	1	0	1.767171	0.795011533333333	0.343865530419958	0.451146002913376
"Schwerin_random_11_17"	1	1	0	0	0	0	1	0	0	1	0	0	0	0	1	1	1	1	0	0	0	1	0	1	1	1	1	1	0	0	1.665275	0.6432595	0.280300003483485	0.362959496516515
"Schwerin_random_11_18"	1	1	0	0	0	0	1	0	0	1	0	0	0	0	1	0	1	1	0	0	0	1	0	1	1	1	1	1	0	0	1.76806	0.791044769230769	0.3796643082265	0.411380461004269
"Schwerin_random_12_12"	1	0	1	0	1	1	1	0	0	1	1	1	1	1	1	1	0	1	1	0	0	0	1	0	1	0	1	1	1	0	1.528087	0.718524631578948	0.418607629105233	0.299917002473715
"Schwerin_random_12_13"	1	0	1	0	1	1	1	0	0	1	1	1	1	1	1	1	0	1	1	0	0	0	1	0	1	0	0	1	1	0	2.322826	1.52790533333333	0.452620980675771	1.07528435265756
"Schwerin_random_12_14"	1	0	0	0	1	1	1	0	0	1	1	1	1	1	1	1	0	1	1	0	0	0	1	0	1	0	0	1	1	0	2.389199	1.58463770588235	0.48427578293688	1.10036192294547
"Schwerin_random_12_15"	1	0	0	0	1	1	1	0	0	1	1	1	1	1	1	1	0	1	1	0	0	0	1	0	0	0	0	1	1	0	1.419844	0.6927006875	-0.367171053183364	1.05987174068336
"Schwerin_random_12_16"	1	0	0	0	1	1	1	0	0	1	1	1	1	0	1	1	0	1	1	0	0	0	1	0	0	0	0	1	1	0	1.558584	0.817824733333333	-0.335320609637852	1.15314534297119
"Schwerin_random_12_17"	1	0	0	0	1	1	1	0	0	1	1	1	1	0	1	1	0	1	1	0	0	0	0	0	0	0	0	1	1	0	1.567066	0.775733428571429	-0.438849250278601	1.21458267885003
"Schwerin_random_12_18"	1	0	0	0	1	1	1	0	0	1	1	1	1	0	1	0	0	1	1	0	0	0	0	0	0	0	0	1	1	0	1.46493	0.736342538461539	-0.419981961413436	1.15632449987497
"Schwerin_random_13_12"	1	1	1	0	1	1	0	0	0	1	0	1	1	1	0	1	0	1	1	1	0	0	1	1	0	0	1	1	1	1	1.198653	0.355296157894737	0.221384610203134	0.133911547691603
"Schwerin_random_13_13"	1	1	1	0	1	1	0	0	0	1	0	1	1	1	0	1	0	1	1	1	0	0	0	1	0	0	1	1	1	1	1.216988	0.3285965	0.16508428356997	0.16351221643003
"Schwerin_random_13_14"	1	1	1	0	1	1	0	0	0	1	0	1	1	1	0	1	0	1	1	1	0	0	0	1	0	0	1	1	0	1	1.214199	0.289677117647059	0.136377116773964	0.153300000873095
"Schwerin_random_13_15"	1	1	1	0	1	1	0	0	0	1	0	1	1	1	0	1	0	1	1	1	0	0	0	1	0	0	1	0	0	1	1.199467	0.27372375	0.142406045227629	0.131317704772371
"Schwerin_random_13_16"	1	1	1	0	1	1	0	0	0	1	0	1	1	1	0	0	0	1	1	1	0	0	0	1	0	0	1	0	0	1	1.216898	0.336573133333333	0.202863278580241	0.133709854753092
"Schwerin_random_13_17"	1	1	1	0	1	1	0	0	0	0	0	1	1	1	0	0	0	1	1	1	0	0	0	1	0	0	1	0	0	1	1.168228	0.324162	0.224859428925738	0.0993025710742619
"Schwerin_random_13_18"	1	1	1	0	1	1	0	0	0	0	0	1	1	1	0	0	0	1	1	1	0	0	0	1	0	0	1	0	0	0	1.136327	0.327697538461539	0.246932444258899	0.0807650942026396
"Schwerin_random_14_12"	0	1	1	1	1	1	1	1	1	1	1	1	1	1	0	0	0	1	0	1	1	1	1	0	0	0	1	0	0	0	1.444676	0.589672526315789	0.234824963345073	0.354847562970716
"Schwerin_random_14_13"	0	1	1	1	0	1	1	1	1	1	1	1	1	1	0	0	0	1	0	1	1	1	1	0	0	0	1	0	0	0	1.435673	0.583348666666667	0.189309869405537	0.39403879726113
"Schwerin_random_14_14"	0	1	1	1	0	1	1	1	1	1	1	1	1	1	0	0	0	0	0	1	1	1	1	0	0	0	1	0	0	0	1.49302	0.689160058823529	0.304651615715755	0.384508443107774
"Schwerin_random_14_15"	0	1	1	1	0	1	1	1	1	1	1	1	1	1	0	0	0	0	0	0	1	1	1	0	0	0	1	0	0	0	1.514176	0.7134854375	0.321964062748824	0.391521374751176
"Schwerin_random_14_16"	0	1	1	1	0	1	0	1	1	1	1	1	1	1	0	0	0	0	0	0	1	1	1	0	0	0	1	0	0	0	1.495338	0.712553066666667	0.3563432754785	0.356209791188167
"Schwerin_random_14_17"	0	1	1	1	0	1	0	1	1	1	1	0	1	1	0	0	0	0	0	0	1	1	1	0	0	0	1	0	0	0	1.521494	0.685113428571429	0.23633609871093	0.448777329860499
"Schwerin_random_14_18"	0	0	1	1	0	1	0	1	1	1	1	0	1	1	0	0	0	0	0	0	1	1	1	0	0	0	1	0	0	0	1.500763	0.698996846153846	0.35684830855504	0.342148537598806
"Schwerin_random_15_12"	1	1	1	1	1	1	1	1	0	0	0	1	1	0	1	1	1	1	1	0	0	1	1	0	0	1	0	0	0	1	1.914819	1.05379110526316	0.395646217132725	0.658144888130433
"Schwerin_random_15_13"	0	1	1	1	1	1	1	1	0	0	0	1	1	0	1	1	1	1	1	0	0	1	1	0	0	1	0	0	0	1	1.856406	0.947723277777778	0.320963972189489	0.626759305588289
"Schwerin_random_15_14"	0	1	1	1	1	1	1	1	0	0	0	1	1	0	1	1	0	1	1	0	0	1	1	0	0	1	0	0	0	1	1.842514	0.906858117647059	0.29715152451686	0.609706593130199
"Schwerin_random_15_15"	0	1	1	1	1	1	1	1	0	0	0	1	0	0	1	1	0	1	1	0	0	1	1	0	0	1	0	0	0	1	1.931104	0.9743356875	0.285536593132087	0.688799094367913
"Schwerin_random_15_16"	0	1	1	1	1	1	0	1	0	0	0	1	0	0	1	1	0	1	1	0	0	1	1	0	0	1	0	0	0	1	1.906352	0.957084133333333	0.251735047771666	0.705349085561668
"Schwerin_random_15_17"	0	1	1	1	1	1	0	1	0	0	0	1	0	0	1	1	0	1	1	0	0	1	0	0	0	1	0	0	0	1	1.935764	0.921029357142857	0.223828784956377	0.69720057218648
"Schwerin_random_15_18"	0	1	0	1	1	1	0	1	0	0	0	1	0	0	1	1	0	1	1	0	0	1	0	0	0	1	0	0	0	1	1.874125	0.829874615384615	0.181195455223346	0.648679160161269
"Schwerin_random_16_12"	0	1	0	1	1	0	1	1	0	1	0	1	1	0	1	0	0	0	1	1	1	1	1	0	1	0	1	1	1	1	1.883479	1.04547184210526	0.536446042338724	0.509025799766539
"Schwerin_random_16_13"	0	1	0	1	1	0	1	1	0	1	0	0	1	0	1	0	0	0	1	1	1	1	1	0	1	0	1	1	1	1	1.83043	0.947669444444444	0.466168631071394	0.481500813373051
"Schwerin_random_16_14"	0	1	0	1	1	0	1	1	0	1	0	0	0	0	1	0	0	0	1	1	1	1	1	0	1	0	1	1	1	1	1.906071	1.00655141176471	0.506161657403318	0.500389754361388
"Schwerin_random_16_15"	0	1	0	1	1	0	1	1	0	1	0	0	0	0	1	0	0	0	1	1	1	1	1	0	1	0	1	1	0	1	1.912756	0.974152375	0.480179835111207	0.493972539888794
"Schwerin_random_16_16"	0	1	0	1	1	0	1	1	0	1	0	0	0	0	1	0	0	0	0	1	1	1	1	0	1	0	1	1	0	1	1.920037	0.949633266666667	0.385425829443128	0.564207437223538
"Schwerin_random_16_17"	0	1	0	1	0	0	1	1	0	1	0	0	0	0	1	0	0	0	0	1	1	1	1	0	1	0	1	1	0	1	1.835727	0.860525	0.34283393458619	0.51769106541381
"Schwerin_random_16_18"	0	1	0	1	0	0	1	1	0	1	0	0	0	0	1	0	0	0	0	1	1	1	0	0	1	0	1	1	0	1	1.837832	0.790132384615385	0.305178523406471	0.484953861208913
"Schwerin_random_17_12"	1	0	1	1	1	1	0	0	1	1	1	1	0	0	0	0	1	0	0	0	1	1	1	1	0	1	1	1	1	1	1.442034	0.784032421052632	0.474509453403325	0.309522967649307
"Schwerin_random_17_13"	1	0	1	0	1	1	0	0	1	1	1	1	0	0	0	0	1	0	0	0	1	1	1	1	0	1	1	1	1	1	1.387249	0.703561666666667	0.442731601020304	0.260830065646362
"Schwerin_random_17_14"	1	0	1	0	1	1	0	0	1	1	1	1	0	0	0	0	1	0	0	0	1	1	1	1	0	1	0	1	1	1	2.151867	1.49108705882353	0.801610105876654	0.689476952946875
"Schwerin_random_17_15"	1	0	1	0	1	1	0	0	1	1	1	1	0	0	0	0	1	0	0	0	1	1	1	1	0	1	0	1	1	0	2.033723	1.413190625	0.809846463781194	0.603344161218807
"Schwerin_random_17_16"	1	0	1	0	1	1	0	0	1	1	1	1	0	0	0	0	1	0	0	0	1	0	1	1	0	1	0	1	1	0	1.449931	0.918134666666667	0.0954137339614218	0.822720932705245
"Schwerin_random_17_17"	1	0	1	0	1	1	0	0	1	1	1	1	0	0	0	0	1	0	0	0	1	0	0	1	0	1	0	1	1	0	1.456089	0.888645285714286	0.014197358795711	0.874447926918575
"Schwerin_random_17_18"	1	0	1	0	1	1	0	0	1	1	0	1	0	0	0	0	1	0	0	0	1	0	0	1	0	1	0	1	1	0	1.449676	0.839860076923077	0.105259656143714	0.734600420779362
"Schwerin_random_18_12"	0	0	1	1	1	0	1	1	0	1	1	0	1	1	1	1	1	0	0	0	0	1	1	1	1	1	1	0	1	0	1.826832	1.03079668421053	0.545888005891434	0.484908678319093
"Schwerin_random_18_13"	0	0	1	1	1	0	1	1	0	1	1	0	0	1	1	1	1	0	0	0	0	1	1	1	1	1	1	0	1	0	1.771761	0.964715777777778	0.525455225048845	0.439260552728933
"Schwerin_random_18_14"	0	0	1	1	1	0	1	1	0	1	1	0	0	1	1	1	0	0	0	0	0	1	1	1	1	1	1	0	1	0	1.8322	1.00416029411765	0.550032791926907	0.45412750219074
"Schwerin_random_18_15"	0	0	1	1	1	0	1	1	0	0	1	0	0	1	1	1	0	0	0	0	0	1	1	1	1	1	1	0	1	0	1.859319	1.066273625	0.60209489276157	0.464178732238431
"Schwerin_random_18_16"	0	0	1	1	1	0	1	1	0	0	1	0	0	1	1	1	0	0	0	0	0	1	1	1	1	1	0	0	1	0	2.200489	1.4261148	0.753606282576585	0.672508517423415
"Schwerin_random_18_17"	0	0	1	1	1	0	1	1	0	0	1	0	0	1	1	1	0	0	0	0	0	1	1	1	0	1	0	0	1	0	1.757335	1.07359471428571	0.505536863534484	0.56805785075123
"Schwerin_random_18_18"	0	0	1	1	1	0	1	1	0	0	1	0	0	1	1	1	0	0	0	0	0	1	1	1	0	0	0	0	1	0	1.729787	1.03185661538462	0.462999032353746	0.568857583030869
"Schwerin_random_19_12"	1	1	1	1	0	0	0	1	1	0	1	1	1	1	1	1	1	1	0	0	1	1	1	1	1	0	0	0	0	0	2.181001	1.48165989473684	0.712796994190948	0.768862900545894
"Schwerin_random_19_13"	1	1	1	1	0	0	0	1	1	0	0	1	1	1	1	1	1	1	0	0	1	1	1	1	1	0	0	0	0	0	2.20386	1.46658911111111	0.827737108795189	0.638852002315922
"Schwerin_random_19_14"	1	1	1	1	0	0	0	1	1	0	0	1	1	0	1	1	1	1	0	0	1	1	1	1	1	0	0	0	0	0	2.251998	1.50211729411765	0.82092859440726	0.681188699710387
"Schwerin_random_19_15"	1	1	1	1	0	0	0	1	1	0	0	1	1	0	1	1	1	0	0	0	1	1	1	1	1	0	0	0	0	0	2.255274	1.5632894375	0.893076445491747	0.670212992008253
"Schwerin_random_19_16"	1	1	1	1	0	0	0	1	1	0	0	1	0	0	1	1	1	0	0	0	1	1	1	1	1	0	0	0	0	0	2.18524	1.48698026666667	0.935220526443689	0.551759740222978
"Schwerin_random_19_17"	1	1	1	1	0	0	0	1	1	0	0	1	0	0	1	0	1	0	0	0	1	1	1	1	1	0	0	0	0	0	2.143272	1.50992364285714	0.95586569689019	0.554057945966953
"Schwerin_random_19_18"	1	1	1	1	0	0	0	1	1	0	0	1	0	0	1	0	1	0	0	0	0	1	1	1	1	0	0	0	0	0	2.166743	1.48624538461538	0.986263001724095	0.49998238289129
"Schwerin_random_20_12"	1	1	1	1	1	0	1	1	0	1	1	1	0	1	1	0	0	1	1	0	0	0	1	0	1	0	1	1	1	0	1.679896	0.940791473684211	0.586598717999055	0.354192755685155
"Schwerin_random_20_13"	1	1	1	1	1	0	1	1	0	1	0	1	0	1	1	0	0	1	1	0	0	0	1	0	1	0	1	1	1	0	1.732363	0.953119611111111	0.619402331631123	0.333717279479988
"Schwerin_random_20_14"	1	1	1	0	1	0	1	1	0	1	0	1	0	1	1	0	0	1	1	0	0	0	1	0	1	0	1	1	1	0	1.665543	0.85197105882353	0.567699421084676	0.284271637738854
"Schwerin_random_20_15"	0	1	1	0	1	0	1	1	0	1	0	1	0	1	1	0	0	1	1	0	0	0	1	0	1	0	1	1	1	0	1.694746	0.830528375	0.513435640717339	0.317092734282661
"Schwerin_random_20_16"	0	1	1	0	0	0	1	1	0	1	0	1	0	1	1	0	0	1	1	0	0	0	1	0	1	0	1	1	1	0	1.75277	0.891153066666667	0.537585587831285	0.353567478835382
"Schwerin_random_20_17"	0	1	0	0	0	0	1	1	0	1	0	1	0	1	1	0	0	1	1	0	0	0	1	0	1	0	1	1	1	0	1.661316	0.783228571428571	0.431252645099827	0.351975926328744
"Schwerin_random_20_18"	0	0	0	0	0	0	1	1	0	1	0	1	0	1	1	0	0	1	1	0	0	0	1	0	1	0	1	1	1	0	1.70622	0.859538769230769	0.531391199863271	0.328147569367498
"Schwerin_random_21_12"	1	0	1	1	0	1	0	0	0	1	0	1	1	1	1	0	1	1	1	1	0	0	1	1	0	0	1	1	1	1	1.225643	0.547321894736842	0.345079934320081	0.202241960416762
"Schwerin_random_21_13"	1	0	1	1	0	1	0	0	0	1	0	1	1	1	1	0	1	0	1	1	0	0	1	1	0	0	1	1	1	1	1.204526	0.581643666666667	0.400053397112125	0.181590269554542
"Schwerin_random_21_14"	1	0	1	1	0	0	0	0	0	1	0	1	1	1	1	0	1	0	1	1	0	0	1	1	0	0	1	1	1	1	1.205993	0.671701176470588	0.512966033418915	0.158735143051674
"Schwerin_random_21_15"	1	0	1	1	0	0	0	0	0	1	0	1	1	1	0	0	1	0	1	1	0	0	1	1	0	0	1	1	1	1	1.203505	0.636766125	0.503520722376503	0.133245402623497
"Schwerin_random_21_16"	1	0	1	1	0	0	0	0	0	1	0	1	0	1	0	0	1	0	1	1	0	0	1	1	0	0	1	1	1	1	1.183316	0.618651666666667	0.506891344195192	0.111760322471474
"Schwerin_random_21_17"	1	0	1	0	0	0	0	0	0	1	0	1	0	1	0	0	1	0	1	1	0	0	1	1	0	0	1	1	1	1	1.211131	0.620109071428571	0.52510131617013	0.0950077552584417
"Schwerin_random_21_18"	1	0	1	0	0	0	0	0	0	1	0	1	0	0	0	0	1	0	1	1	0	0	1	1	0	0	1	1	1	1	1.19437	0.598108230769231	0.511316735448192	0.0867914953210388
"Schwerin_random_22_12"	1	1	1	1	1	1	0	1	1	1	0	1	0	1	1	1	1	1	1	0	1	0	1	0	0	0	1	0	0	0	1.364651	0.612423315789474	0.288318236451685	0.324105079337788
"Schwerin_random_22_13"	1	1	1	1	1	1	0	1	1	1	0	0	0	1	1	1	1	1	1	0	1	0	1	0	0	0	1	0	0	0	1.370827	0.578611444444444	0.251039988932242	0.327571455512203
"Schwerin_random_22_14"	1	1	1	1	1	1	0	1	1	1	0	0	0	1	1	1	1	1	0	0	1	0	1	0	0	0	1	0	0	0	1.389691	0.578027588235294	0.223813153956033	0.354214434279261
"Schwerin_random_22_15"	1	1	1	1	1	1	0	0	1	1	0	0	0	1	1	1	1	1	0	0	1	0	1	0	0	0	1	0	0	0	1.154057	0.386231625	0.178934734945176	0.207296890054824
"Schwerin_random_22_16"	1	1	0	1	1	1	0	0	1	1	0	0	0	1	1	1	1	1	0	0	1	0	1	0	0	0	1	0	0	0	1.126968	0.350022933333333	0.152262702517875	0.197760230815458
"Schwerin_random_22_17"	1	1	0	1	1	0	0	0	1	1	0	0	0	1	1	1	1	1	0	0	1	0	1	0	0	0	1	0	0	0	1.133925	0.453549642857143	0.249728062090363	0.20382158076678
"Schwerin_random_22_18"	1	1	0	1	1	0	0	0	1	0	0	0	0	1	1	1	1	1	0	0	1	0	1	0	0	0	1	0	0	0	1.114396	0.488449384615385	0.285885886078991	0.202563498536393
"Schwerin_random_23_12"	1	1	0	1	1	1	1	0	1	1	0	1	0	1	0	0	1	0	1	1	1	0	1	1	0	1	1	0	0	1	1.168699	0.488783947368421	0.3396587998941	0.149125147474321
"Schwerin_random_23_13"	1	1	0	1	1	1	0	0	1	1	0	1	0	1	0	0	1	0	1	1	1	0	1	1	0	1	1	0	0	1	1.203882	0.545598055555556	0.364290765916597	0.181307289638959
"Schwerin_random_23_14"	1	1	0	1	1	1	0	0	1	1	0	1	0	1	0	0	1	0	1	1	1	0	1	1	0	0	1	0	0	1	1.166578	0.498940235294118	0.372879069775602	0.126061165518515
"Schwerin_random_23_15"	1	1	0	1	1	1	0	0	1	0	0	1	0	1	0	0	1	0	1	1	1	0	1	1	0	0	1	0	0	1	1.195578	0.5729596875	0.404661704961425	0.168297982538575
"Schwerin_random_23_16"	1	1	0	1	1	1	0	0	1	0	0	1	0	1	0	0	0	0	1	1	1	0	1	1	0	0	1	0	0	1	1.183121	0.549004066666667	0.408152839304484	0.140851227362182
"Schwerin_random_23_17"	1	1	0	1	1	1	0	0	0	0	0	1	0	1	0	0	0	0	1	1	1	0	1	1	0	0	1	0	0	1	1.162538	0.508208214285714	0.377875958056595	0.130332256229119
"Schwerin_random_23_18"	1	1	0	1	1	1	0	0	0	0	0	1	0	1	0	0	0	0	1	1	1	0	1	0	0	0	1	0	0	1	1.195011	0.516554615384615	0.35482475203497	0.161729863349645
"Schwerin_random_24_12"	0	1	0	1	1	1	1	0	1	0	0	1	1	0	1	0	0	1	0	1	1	1	1	1	0	1	1	1	1	0	1.293476	0.54569952631579	0.246646604130446	0.299052922185343
"Schwerin_random_24_13"	0	1	0	1	1	1	1	0	1	0	0	1	1	0	1	0	0	1	0	1	1	1	1	1	0	0	1	1	1	0	1.351046	0.589463555555556	0.239990754863557	0.349472800691998
"Schwerin_random_24_14"	0	1	0	1	1	1	1	0	1	0	0	1	1	0	1	0	0	1	0	0	1	1	1	1	0	0	1	1	1	0	1.336298	0.580185411764706	0.243155050089563	0.337030361675143
"Schwerin_random_24_15"	0	1	0	1	1	1	1	0	1	0	0	0	1	0	1	0	0	1	0	0	1	1	1	1	0	0	1	1	1	0	1.394797	0.59345525	0.18648956591671	0.40696568408329
"Schwerin_random_24_16"	0	1	0	1	1	1	1	0	1	0	0	0	1	0	1	0	0	0	0	0	1	1	1	1	0	0	1	1	1	0	1.391625	0.6486084	0.331356784140155	0.317251615859845
"Schwerin_random_24_17"	0	1	0	1	1	1	0	0	1	0	0	0	1	0	1	0	0	0	0	0	1	1	1	1	0	0	1	1	1	0	1.393423	0.673710571428572	0.367823302270268	0.305887269158303
"Schwerin_random_24_18"	0	1	0	1	1	1	0	0	0	0	0	0	1	0	1	0	0	0	0	0	1	1	1	1	0	0	1	1	1	0	1.394696	0.646631615384615	0.308136538821694	0.338495076562922
"Schwerin_random_25_12"	0	0	0	1	0	0	1	1	1	0	1	1	1	1	1	1	1	0	1	1	0	1	1	0	1	0	0	1	1	1	2.124299	1.37698984210526	0.774377159505163	0.602612682600101
"Schwerin_random_25_13"	0	0	0	1	0	0	1	1	1	0	0	1	1	1	1	1	1	0	1	1	0	1	1	0	1	0	0	1	1	1	2.167842	1.37993816666667	0.830533742026948	0.549404424639719
"Schwerin_random_25_14"	0	0	0	1	0	0	1	1	1	0	0	1	1	1	1	1	1	0	1	1	0	1	1	0	0	0	0	1	1	1	1.802713	1.088653	0.570400313286972	0.518252686713028
"Schwerin_random_25_15"	0	0	0	1	0	0	1	1	1	0	0	1	1	1	0	1	1	0	1	1	0	1	1	0	0	0	0	1	1	1	1.760435	1.0026924375	0.619647077413362	0.383045360086638
"Schwerin_random_25_16"	0	0	0	1	0	0	1	1	1	0	0	0	1	1	0	1	1	0	1	1	0	1	1	0	0	0	0	1	1	1	1.854094	1.04799833333333	0.635512223855997	0.412486109477336
"Schwerin_random_25_17"	0	0	0	1	0	0	1	1	0	0	0	0	1	1	0	1	1	0	1	1	0	1	1	0	0	0	0	1	1	1	1.816753	0.978160285714286	0.573737886764809	0.404422398949477
"Schwerin_random_25_18"	0	0	0	1	0	0	1	1	0	0	0	0	1	1	0	0	1	0	1	1	0	1	1	0	0	0	0	1	1	1	1.794846	1.015363	0.653751937531817	0.361611062468183
"Schwerin_random_26_12"	1	1	1	0	1	1	1	1	1	1	0	0	1	0	1	1	1	1	0	0	0	0	0	1	1	0	1	1	1	0	1.672444	0.711560052631579	0.352435230151375	0.359124822480204
"Schwerin_random_26_13"	1	0	1	0	1	1	1	1	1	1	0	0	1	0	1	1	1	1	0	0	0	0	0	1	1	0	1	1	1	0	1.659607	0.7168055	0.35756114043212	0.35924435956788
"Schwerin_random_26_14"	1	0	1	0	1	1	1	1	1	1	0	0	1	0	1	1	1	1	0	0	0	0	0	1	1	0	1	0	1	0	1.71777	0.772743705882353	0.389834420957502	0.382909284924851
"Schwerin_random_26_15"	1	0	1	0	1	1	1	1	1	1	0	0	0	0	1	1	1	1	0	0	0	0	0	1	1	0	1	0	1	0	1.641787	0.675062625	0.288618835049365	0.386443789950635
"Schwerin_random_26_16"	1	0	1	0	1	1	0	1	1	1	0	0	0	0	1	1	1	1	0	0	0	0	0	1	1	0	1	0	1	0	1.632247	0.672359333333333	0.334430067289459	0.337929266043875
"Schwerin_random_26_17"	1	0	1	0	1	1	0	1	1	1	0	0	0	0	1	1	1	1	0	0	0	0	0	1	1	0	1	0	0	0	1.669993	0.661125857142857	0.295645275704846	0.365480581438011
"Schwerin_random_26_18"	1	0	0	0	1	1	0	1	1	1	0	0	0	0	1	1	1	1	0	0	0	0	0	1	1	0	1	0	0	0	1.648001	0.610069461538462	0.261521034253853	0.348548427284608
"Schwerin_random_27_12"	0	0	1	0	0	0	1	1	0	0	1	1	0	1	0	1	1	1	0	1	0	1	1	1	1	1	1	1	1	1	1.804499	0.920404473684211	0.539973661144122	0.380430812540089
"Schwerin_random_27_13"	0	0	1	0	0	0	1	1	0	0	1	1	0	1	0	1	1	1	0	1	0	1	0	1	1	1	1	1	1	1	1.736654	0.805261611111111	0.463758280248351	0.34150333086276
"Schwerin_random_27_14"	0	0	1	0	0	0	1	1	0	0	1	1	0	1	0	1	1	1	0	1	0	1	0	1	1	1	1	0	1	1	1.848102	0.91515594117647	0.5380160829274	0.37713985824907
"Schwerin_random_27_15"	0	0	1	0	0	0	1	1	0	0	0	1	0	1	0	1	1	1	0	1	0	1	0	1	1	1	1	0	1	1	1.800566	0.810348625	0.477480438642042	0.332868186357958
"Schwerin_random_27_16"	0	0	1	0	0	0	1	1	0	0	0	1	0	1	0	1	1	1	0	1	0	1	0	1	1	1	1	0	1	0	1.808621	0.839371866666667	0.543138216110527	0.29623365055614
"Schwerin_random_27_17"	0	0	1	0	0	0	1	1	0	0	0	0	0	1	0	1	1	1	0	1	0	1	0	1	1	1	1	0	1	0	1.744748	0.708584357142857	0.427943112708939	0.280641244433918
"Schwerin_random_27_18"	0	0	1	0	0	0	0	1	0	0	0	0	0	1	0	1	1	1	0	1	0	1	0	1	1	1	1	0	1	0	1.828421	0.794804384615385	0.466831643120406	0.327972741494979
"Schwerin_random_28_12"	0	1	1	0	1	1	0	0	0	1	0	1	0	0	1	0	1	1	1	1	1	1	1	1	1	1	1	1	0	0	1.739427	0.860815421052632	0.405749257756086	0.455066163296546
"Schwerin_random_28_13"	0	1	1	0	1	1	0	0	0	1	0	1	0	0	1	0	1	1	1	1	1	0	1	1	1	1	1	1	0	0	1.498935	0.679932388888889	0.410465338320731	0.269467050568158
"Schwerin_random_28_14"	0	1	1	0	1	1	0	0	0	1	0	0	0	0	1	0	1	1	1	1	1	0	1	1	1	1	1	1	0	0	1.525843	0.660572352941176	0.337222664967623	0.323349687973554
"Schwerin_random_28_15"	0	1	1	0	1	1	0	0	0	1	0	0	0	0	1	0	1	1	1	0	1	0	1	1	1	1	1	1	0	0	1.527548	0.6616085625	0.313863757236567	0.347744805263433
"Schwerin_random_28_16"	0	1	1	0	1	1	0	0	0	1	0	0	0	0	1	0	1	1	0	0	1	0	1	1	1	1	1	1	0	0	1.542792	0.649896733333333	0.325338800927425	0.324557932405908
"Schwerin_random_28_17"	0	0	1	0	1	1	0	0	0	1	0	0	0	0	1	0	1	1	0	0	1	0	1	1	1	1	1	1	0	0	1.5292	0.664409928571429	0.345393941077572	0.319015987493856
"Schwerin_random_28_18"	0	0	1	0	1	1	0	0	0	0	0	0	0	0	1	0	1	1	0	0	1	0	1	1	1	1	1	1	0	0	1.551882	0.727334923076923	0.387188986081182	0.340145936995741
"Schwerin_random_29_12"	1	0	0	1	1	1	1	0	0	1	0	1	0	1	1	0	1	1	0	0	0	1	1	1	1	1	0	1	1	1	2.580592	1.75235394736842	0.904341311076976	0.848012636291445
"Schwerin_random_29_13"	1	0	0	1	1	1	1	0	0	1	0	1	0	1	1	0	1	1	0	0	0	1	1	1	1	0	0	1	1	1	2.547411	1.70089688888889	0.913340522314465	0.787556366574425
"Schwerin_random_29_14"	1	0	0	1	1	1	1	0	0	0	0	1	0	1	1	0	1	1	0	0	0	1	1	1	1	0	0	1	1	1	2.561012	1.746347	1.03135346657636	0.714993533423641
"Schwerin_random_29_15"	1	0	0	1	1	1	1	0	0	0	0	1	0	1	0	0	1	1	0	0	0	1	1	1	1	0	0	1	1	1	2.54391	1.679274625	1.05582498025585	0.623449644744147
"Schwerin_random_29_16"	1	0	0	1	1	1	1	0	0	0	0	1	0	1	0	0	1	1	0	0	0	0	1	1	1	0	0	1	1	1	2.535524	1.74335113333333	0.867237390076572	0.876113743256761
"Schwerin_random_29_17"	0	0	0	1	1	1	1	0	0	0	0	1	0	1	0	0	1	1	0	0	0	0	1	1	1	0	0	1	1	1	2.519897	1.67137185714286	0.794455151884642	0.876916705258216
"Schwerin_random_29_18"	0	0	0	1	1	1	1	0	0	0	0	1	0	1	0	0	1	1	0	0	0	0	1	1	1	0	0	0	1	1	2.61041	1.76622753846154	0.838740359231811	0.927487179229728
"Schwerin_random_30_12"	1	1	1	1	0	0	1	0	0	0	1	0	0	1	0	1	1	1	1	1	1	0	1	1	1	0	1	1	1	0	1.534047	0.825416894736842	0.533053347074256	0.292363547662586
"Schwerin_random_30_13"	1	1	1	1	0	0	1	0	0	0	1	0	0	1	0	1	0	1	1	1	1	0	1	1	1	0	1	1	1	0	1.531227	0.808236277777778	0.504271348785473	0.303964928992305
"Schwerin_random_30_14"	1	1	1	1	0	0	1	0	0	0	1	0	0	1	0	1	0	1	1	1	1	0	1	1	1	0	1	0	1	0	1.482549	0.770263529411765	0.516851754002614	0.253411775409151
"Schwerin_random_30_15"	1	1	1	1	0	0	1	0	0	0	1	0	0	0	0	1	0	1	1	1	1	0	1	1	1	0	1	0	1	0	1.49459	0.7704681875	0.499688404656379	0.270779782843621
"Schwerin_random_30_16"	1	1	1	1	0	0	1	0	0	0	1	0	0	0	0	1	0	1	1	1	0	0	1	1	1	0	1	0	1	0	1.518726	0.747689933333333	0.492361102901654	0.255328830431679
"Schwerin_random_30_17"	1	1	1	1	0	0	0	0	0	0	1	0	0	0	0	1	0	1	1	1	0	0	1	1	1	0	1	0	1	0	1.482848	0.733114714285714	0.497001088699806	0.236113625585908
"Schwerin_random_30_18"	1	1	1	1	0	0	0	0	0	0	1	0	0	0	0	1	0	1	1	1	0	0	1	1	1	0	0	0	1	0	1.883155	1.15829707692308	0.54129624115136	0.617000835771717
