"assemblage"	"AVir"	"PMon"	"TBac"	"AAlb"	"PCem"	"LDec"	"BPen"	"QRob"	"PAbi"	"PSyl"	"PNig"	"AInc"	"UGla"	"TPla"	"AGlu"	"QPub"	"SAri"	"PTre"	"APla"	"TCor"	"SAlb"	"QPet"	"CAve"	"SAuc"	"FSyl"	"ACam"	"CSat"	"APse"	"FExc"	"CBet"	"productivity"	"DeltaY"	"Selection"	"Complementarity"
"Basel_increasing_15"	1	1	1	1	1	1	1	1	1	1	1	1	1	1	1	1	0	0	0	0	0	0	0	0	0	0	0	0	0	0	1.592647	0.7005755	0.196231064392226	0.504344435607774
"Basel_decreasing_15"	0	0	0	0	0	0	0	0	0	0	0	0	0	0	1	1	1	1	1	1	1	1	1	1	1	1	1	1	1	1	2.126565	1.046566625	0.645371192501768	0.401195432498232
"Basel_random_1_15"	0	0	0	1	0	0	0	1	1	0	1	1	1	1	0	0	1	1	1	1	0	1	0	0	1	0	0	1	1	1	2.381724	1.26336675	0.700660863088827	0.562705886911173
"Basel_random_2_15"	1	0	1	1	0	1	0	0	1	0	0	0	1	0	0	1	0	0	1	1	0	1	0	0	1	1	1	1	1	1	2.138724	0.9495209375	0.523017281009119	0.426503656490881
"Basel_random_3_15"	0	1	0	1	1	1	0	0	0	0	1	1	1	1	0	1	0	1	0	0	1	1	1	1	0	1	0	0	0	1	2.02593	1.093765875	0.466630059089906	0.627135815910094
"Basel_random_4_15"	1	1	0	0	1	0	1	1	1	0	1	1	0	1	1	0	0	0	0	1	1	0	0	1	0	0	0	1	1	1	1.597407	0.80729625	0.477117555560913	0.330178694439087
"Basel_random_5_15"	0	1	0	1	1	1	1	1	0	0	0	1	1	0	1	0	0	1	1	0	1	0	1	1	0	0	1	0	0	1	1.49258	0.55152	0.273565600519618	0.277954399480382
"Basel_random_6_15"	0	1	1	1	1	0	1	0	1	0	1	0	1	1	0	0	0	0	1	0	0	1	1	1	0	0	1	1	0	1	1.584151	0.66616625	0.404418400978979	0.261747849021021
"Basel_random_7_15"	1	0	0	1	0	0	0	1	1	1	0	0	0	1	1	0	1	1	0	0	1	0	1	0	1	1	1	0	1	1	2.040905	1.098472375	0.71522061994094	0.38325175505906
"Basel_random_8_15"	1	1	0	1	1	0	0	1	1	1	0	1	0	0	1	0	1	1	0	1	1	0	0	0	0	0	1	0	1	1	1.473704	0.5985703125	0.371427003614011	0.227143308885989
"Basel_random_9_15"	1	1	0	0	0	1	1	1	0	0	1	0	1	0	1	1	1	0	0	0	1	1	1	0	1	1	0	0	1	0	2.496334	1.479928875	0.874147031316042	0.605781843683958
"Basel_random_10_15"	1	1	0	1	1	1	0	0	0	0	1	0	1	1	0	1	0	1	0	1	1	0	1	0	1	1	0	0	0	1	2.415231	1.4213586875	0.756506531393708	0.664852156106292
"Basel_random_11_15"	1	1	0	0	0	0	1	0	0	1	0	1	0	0	1	1	1	1	0	0	0	1	0	1	1	1	1	1	1	0	1.978596	0.86922975	0.555974638251436	0.313255111748564
"Basel_random_12_15"	1	0	0	0	1	1	1	0	0	1	1	1	1	1	1	1	0	1	1	0	0	0	1	0	0	0	0	1	1	0	1.426399	0.492186125	-0.0188773493997811	0.511063474399781
"Basel_random_13_15"	1	1	1	0	1	1	0	0	0	1	0	1	1	1	0	1	0	1	1	1	0	0	0	1	0	0	1	0	0	1	1.310843	0.2352356875	0.108570874037307	0.126664813462693
"Basel_random_14_15"	0	1	1	1	0	1	1	1	1	1	1	1	1	1	0	0	0	0	0	0	1	1	1	0	0	0	1	0	0	0	1.60905	0.661248125	0.310473914537136	0.350774210462864
"Basel_random_15_15"	0	1	1	1	1	1	1	1	0	0	0	1	0	0	1	1	0	1	1	0	0	1	1	0	0	1	0	0	0	1	2.096029	1.0180951875	0.447584271497117	0.570510916002883
"Basel_random_16_15"	0	1	0	1	1	0	1	1	0	1	0	0	0	0	1	0	0	0	1	1	1	1	1	0	1	0	1	1	0	1	2.174323	1.10376175	0.626973976301932	0.476787773698068
"Basel_random_17_15"	1	0	1	0	1	1	0	0	1	1	1	1	0	0	0	0	1	0	0	0	1	1	1	1	0	1	0	1	1	0	1.95539	1.1947861875	0.787880879015154	0.406905308484846
"Basel_random_18_15"	0	0	1	1	1	0	1	1	0	0	1	0	0	1	1	1	0	0	0	0	0	1	1	1	1	1	1	0	1	0	2.089392	1.147648375	0.760244935781261	0.387403439218739
"Basel_random_19_15"	1	1	1	1	0	0	0	1	1	0	0	1	1	0	1	1	1	0	0	0	1	1	1	1	1	0	0	0	0	0	2.351681	1.51825975	1.07503687859456	0.443222871405445
"Basel_random_20_15"	0	1	1	0	1	0	1	1	0	1	0	1	0	1	1	0	0	1	1	0	0	0	1	0	1	0	1	1	1	0	1.986654	0.91645925	0.563563628825654	0.352895621174346
"Basel_random_21_15"	1	0	1	1	0	0	0	0	0	1	0	1	1	1	0	0	1	0	1	1	0	0	1	1	0	0	1	1	1	1	1.327518	0.5217929375	0.363413056144791	0.158379881355209
"Basel_random_22_15"	1	1	1	1	1	1	0	0	1	1	0	0	0	1	1	1	1	1	0	0	1	0	1	0	0	0	1	0	0	0	1.194051	0.3289223125	0.191877373755047	0.137044938744953
"Basel_random_23_15"	1	1	0	1	1	1	0	0	1	0	0	1	0	1	0	0	1	0	1	1	1	0	1	1	0	0	1	0	0	1	1.272126	0.515314875	0.360122925293803	0.155191949706197
"Basel_random_24_15"	0	1	0	1	1	1	1	0	1	0	0	0	1	0	1	0	0	1	0	0	1	1	1	1	0	0	1	1	1	0	1.49868	0.519859375	0.23756296719666	0.28229640780334
"Basel_random_25_15"	0	0	0	1	0	0	1	1	1	0	0	1	1	1	0	1	1	0	1	1	0	1	1	0	0	0	0	1	1	1	1.799584	0.764645	0.312026076649781	0.452618923350219
"Basel_random_26_15"	1	0	1	0	1	1	1	1	1	1	0	0	0	0	1	1	1	1	0	0	0	0	0	1	1	0	1	0	1	0	2.020289	0.8637578125	0.513073541992296	0.350684270507703
"Basel_random_27_15"	0	0	1	0	0	0	1	1	0	0	0	1	0	1	0	1	1	1	0	1	0	1	0	1	1	1	1	0	1	1	2.13157	0.895181875	0.521947968567339	0.373233906432661
"Basel_random_28_15"	0	1	1	0	1	1	0	0	0	1	0	0	0	0	1	0	1	1	1	0	1	0	1	1	1	1	1	1	0	0	1.902591	0.91185075	0.62850470065752	0.28334604934248
"Basel_random_29_15"	1	0	0	1	1	1	1	0	0	0	0	1	0	1	0	0	1	1	0	0	0	1	1	1	1	0	0	1	1	1	2.637936	1.5723658125	1.05069023995883	0.521675572541169
"Basel_random_30_15"	1	1	1	1	0	0	1	0	0	0	1	0	0	0	0	1	0	1	1	1	1	0	1	1	1	0	1	0	1	0	1.866895	0.9302340625	0.62512322135513	0.30511084114487
