"assemblage"	"AVir"	"PMon"	"TBac"	"AAlb"	"PCem"	"LDec"	"BPen"	"QRob"	"PAbi"	"PSyl"	"PNig"	"AInc"	"UGla"	"TPla"	"AGlu"	"QPub"	"SAri"	"PTre"	"APla"	"TCor"	"SAlb"	"QPet"	"CAve"	"SAuc"	"FSyl"	"ACam"	"CSat"	"APse"	"FExc"	"CBet"	"productivity"	"DeltaY"	"Selection"	"Complementarity"
"Schaffhausen_increasing_12"	1	1	1	1	1	1	1	1	1	1	1	1	1	1	1	1	1	1	1	0	0	0	0	0	0	0	0	0	0	0	1.649692	0.570012421052632	-0.0506610899825767	0.620673511035208
"Schaffhausen_decreasing_12"	0	0	0	0	0	0	0	0	0	0	0	1	1	1	1	1	1	1	1	1	1	1	1	1	1	1	1	1	1	1	2.242455	1.11305310526316	0.706362344911264	0.406690760351894
"Schaffhausen_random_1_12"	1	0	1	1	1	0	0	1	1	0	1	1	1	1	0	0	1	1	1	1	0	1	0	0	1	0	0	1	1	1	2.475649	1.310332	0.822676129398131	0.487655870601869
"Schaffhausen_random_2_12"	1	0	1	1	0	1	1	0	1	0	0	0	1	0	0	1	1	0	1	1	0	1	0	1	1	1	1	1	1	1	2.334449	1.06847321052632	0.579169770780837	0.489303439745478
"Schaffhausen_random_3_12"	0	1	0	1	1	1	0	0	0	0	1	1	1	1	0	1	0	1	0	0	1	1	1	1	1	1	0	1	1	1	2.585788	1.40298521052632	0.854255820640187	0.548729389886129
"Schaffhausen_random_4_12"	1	1	0	0	1	0	1	1	1	1	1	1	0	1	1	0	1	0	0	1	1	0	1	1	0	0	0	1	1	1	1.8021	0.847552578947368	0.446070059979955	0.401482518967413
"Schaffhausen_random_5_12"	0	1	0	1	1	1	1	1	0	0	0	1	1	1	1	1	0	1	1	0	1	0	1	1	0	0	1	1	0	1	1.518464	0.402550315789474	0.0958902997583172	0.306660016031156
"Schaffhausen_random_6_12"	0	1	1	1	1	0	1	1	1	1	1	0	1	1	0	0	1	0	1	0	0	1	1	1	0	0	1	1	0	1	1.751353	0.673621473684211	0.353906394900633	0.319715078783577
"Schaffhausen_random_7_12"	1	1	0	1	0	0	1	1	1	1	0	0	0	1	1	0	1	1	0	0	1	0	1	1	1	1	1	0	1	1	2.199779	1.07309410526316	0.652169995142386	0.420924110120772
"Schaffhausen_random_8_12"	1	1	0	1	1	1	0	1	1	1	1	1	0	0	1	0	1	1	0	1	1	0	0	0	0	1	1	0	1	1	1.584803	0.530200368421053	0.192231012245639	0.337969356175414
"Schaffhausen_random_9_12"	1	1	0	0	0	1	1	1	0	0	1	0	1	1	1	1	1	0	0	0	1	1	1	1	1	1	1	0	1	0	2.209563	1.10642321052632	0.705625107326666	0.400798103199649
"Schaffhausen_random_10_12"	1	1	0	1	1	1	0	0	0	0	1	0	1	1	1	1	1	1	0	1	1	0	1	1	1	1	0	0	0	1	2.546662	1.55080189473684	0.978118697141598	0.572683197595244
"Schaffhausen_random_11_12"	1	1	0	0	0	0	1	0	0	1	0	1	1	0	1	1	1	1	0	1	0	1	1	1	1	1	1	1	1	0	2.164732	0.998683736842105	0.658300855910736	0.340382880931369
"Schaffhausen_random_12_12"	1	0	1	0	1	1	1	0	0	1	1	1	1	1	1	1	0	1	1	0	0	0	1	0	1	0	1	1	1	0	1.9704	0.814435578947368	0.531817835776124	0.282617743171245
"Schaffhausen_random_13_12"	1	1	1	0	1	1	0	0	0	1	0	1	1	1	0	1	0	1	1	1	0	0	1	1	0	0	1	1	1	1	1.399153	0.264867052631579	0.0904527795724707	0.174414273059108
"Schaffhausen_random_14_12"	0	1	1	1	1	1	1	1	1	1	1	1	1	1	0	0	0	1	0	1	1	1	1	0	0	0	1	0	0	0	1.629529	0.514308631578947	0.152928403252551	0.361380228326397
"Schaffhausen_random_15_12"	1	1	1	1	1	1	1	1	0	0	0	1	1	0	1	1	1	1	1	0	0	1	1	0	0	1	0	0	0	1	1.957745	0.855467315789474	0.38746842256687	0.467998893222604
"Schaffhausen_random_16_12"	0	1	0	1	1	0	1	1	0	1	0	1	1	0	1	0	0	0	1	1	1	1	1	0	1	0	1	1	1	1	2.194514	0.995822157894737	0.601635835854941	0.394186322039796
"Schaffhausen_random_17_12"	1	0	1	1	1	1	0	0	1	1	1	1	0	0	0	0	1	0	0	0	1	1	1	1	0	1	1	1	1	1	1.637003	0.691646421052632	0.377790629240012	0.313855791812619
"Schaffhausen_random_18_12"	0	0	1	1	1	0	1	1	0	1	1	0	1	1	1	1	1	0	0	0	0	1	1	1	1	1	1	0	1	0	2.149302	1.06244152631579	0.69222866154834	0.370212864767449
"Schaffhausen_random_19_12"	1	1	1	1	0	0	0	1	1	0	1	1	1	1	1	1	1	1	0	0	1	1	1	1	1	0	0	0	0	0	2.396618	1.42142368421053	0.98030781276489	0.441115871445636
"Schaffhausen_random_20_12"	1	1	1	1	1	0	1	1	0	1	1	1	0	1	1	0	0	1	1	0	0	0	1	0	1	0	1	1	1	0	2.090733	1.00902221052632	0.670071721594811	0.338950488931504
"Schaffhausen_random_21_12"	1	0	1	1	0	1	0	0	0	1	0	1	1	1	1	0	1	1	1	1	0	0	1	1	0	0	1	1	1	1	1.43828	0.437453105263158	0.180005401794271	0.257447703468887
"Schaffhausen_random_22_12"	1	1	1	1	1	1	0	1	1	1	0	1	0	1	1	1	1	1	1	0	1	0	1	0	0	0	1	0	0	0	1.48415	0.502370052631579	0.237640798086644	0.264729254544935
"Schaffhausen_random_23_12"	1	1	0	1	1	1	1	0	1	1	0	1	0	1	0	0	1	0	1	1	1	0	1	1	0	1	1	0	0	1	1.413989	0.456596578947368	0.21344108095703	0.243155497990338
"Schaffhausen_random_24_12"	0	1	0	1	1	1	1	0	1	0	0	1	1	0	1	0	0	1	0	1	1	1	1	1	0	1	1	1	1	0	1.626755	0.534504842105263	0.171556618593827	0.362948223511436
"Schaffhausen_random_25_12"	0	0	0	1	0	0	1	1	1	0	1	1	1	1	1	1	1	0	1	1	0	1	1	0	1	0	0	1	1	1	2.46216	1.27689631578947	0.73144761998572	0.545448695803754
"Schaffhausen_random_26_12"	1	1	1	0	1	1	1	1	1	1	0	0	1	0	1	1	1	1	0	0	0	0	0	1	1	0	1	1	1	0	2.211599	0.907973315789474	0.496153432039974	0.4118198837495
"Schaffhausen_random_27_12"	0	0	1	0	0	0	1	1	0	0	1	1	0	1	0	1	1	1	0	1	0	1	1	1	1	1	1	1	1	1	2.213278	0.985578473684211	0.631240347996109	0.354338125688101
"Schaffhausen_random_28_12"	0	1	1	0	1	1	0	0	0	1	0	1	0	0	1	0	1	1	1	1	1	1	1	1	1	1	1	1	0	0	2.214902	1.14758994736842	0.820462258285274	0.327127689083147
"Schaffhausen_random_29_12"	1	0	0	1	1	1	1	0	0	1	0	1	0	1	1	0	1	1	0	0	0	1	1	1	1	1	0	1	1	1	2.584236	1.43659226315789	0.953483987332454	0.483108275825441
"Schaffhausen_random_30_12"	1	1	1	1	0	0	1	0	0	0	1	0	0	1	0	1	1	1	1	1	1	0	1	1	1	0	1	1	1	0	1.979445	0.914627578947368	0.626957887237678	0.287669691709691
