"assemblage"	"AVir"	"PMon"	"TBac"	"AAlb"	"PCem"	"LDec"	"BPen"	"QRob"	"PAbi"	"PSyl"	"PNig"	"AInc"	"UGla"	"TPla"	"AGlu"	"QPub"	"SAri"	"PTre"	"APla"	"TCor"	"SAlb"	"QPet"	"CAve"	"SAuc"	"FSyl"	"ACam"	"CSat"	"APse"	"FExc"	"CBet"	"productivity"	"DeltaY"	"Selection"	"Complementarity"
"Basel_increasing_11"	1	1	1	1	1	1	1	1	1	1	1	1	1	1	1	1	1	1	1	1	0	0	0	0	0	0	0	0	0	0	1.530687	0.5890732	0.0539602709068792	0.535112929093121
"Basel_decreasing_11"	0	0	0	0	0	0	0	0	0	0	1	1	1	1	1	1	1	1	1	1	1	1	1	1	1	1	1	1	1	1	2.116397	1.1408126	0.736690836435405	0.404121763564595
"Basel_random_1_11"	1	1	1	1	1	0	0	1	1	0	1	1	1	1	0	0	1	1	1	1	0	1	0	0	1	0	0	1	1	1	2.390341	1.36818985	0.861929038302121	0.506260811697879
"Basel_random_2_11"	1	0	1	1	0	1	1	0	1	0	0	0	1	1	0	1	1	0	1	1	0	1	0	1	1	1	1	1	1	1	2.145517	1.0225175	0.607327119480805	0.415190380519195
"Basel_random_3_11"	0	1	0	1	1	1	0	0	0	0	1	1	1	1	0	1	0	1	0	1	1	1	1	1	1	1	0	1	1	1	2.501516	1.46702325	0.839922397531218	0.627100852468782
"Basel_random_4_11"	1	1	0	0	1	0	1	1	1	1	1	1	0	1	1	0	1	0	0	1	1	0	1	1	0	0	1	1	1	1	1.463358	0.6683875	0.453703661237336	0.214683838762664
"Basel_random_5_11"	0	1	0	1	1	1	1	1	0	1	0	1	1	1	1	1	0	1	1	0	1	0	1	1	0	0	1	1	0	1	1.492373	0.48365425	0.165645391817229	0.318008858182771
"Basel_random_6_11"	1	1	1	1	1	0	1	1	1	1	1	0	1	1	0	0	1	0	1	0	0	1	1	1	0	0	1	1	0	1	1.674172	0.7634811	0.439193454271016	0.324287645728984
"Basel_random_7_11"	1	1	0	1	0	0	1	1	1	1	0	0	0	1	1	0	1	1	0	0	1	1	1	1	1	1	1	0	1	1	2.158765	1.1539493	0.72743115576487	0.426518144235129
"Basel_random_8_11"	1	1	0	1	1	1	0	1	1	1	1	1	0	0	1	0	1	1	0	1	1	0	0	0	0	1	1	1	1	1	1.489445	0.58761075	0.301643484074188	0.285967265925812
"Basel_random_9_11"	1	1	0	0	0	1	1	1	1	0	1	0	1	1	1	1	1	0	0	0	1	1	1	1	1	1	1	0	1	0	1.98817	1.0100549	0.686222241916653	0.323832658083347
"Basel_random_10_11"	1	1	0	1	1	1	0	0	0	0	1	0	1	1	1	1	1	1	0	1	1	1	1	1	1	1	0	0	0	1	2.547052	1.60263	0.972582023388631	0.630047976611369
"Basel_random_11_11"	1	1	0	0	1	0	1	0	0	1	0	1	1	0	1	1	1	1	0	1	0	1	1	1	1	1	1	1	1	0	2.016808	0.99948485	0.693063324769779	0.306421525230221
"Basel_random_12_11"	1	0	1	0	1	1	1	0	0	1	1	1	1	1	1	1	0	1	1	1	0	0	1	0	1	0	1	1	1	0	1.898988	0.8780466	0.56207372198093	0.31597287801907
"Basel_random_13_11"	1	1	1	0	1	1	0	1	0	1	0	1	1	1	0	1	0	1	1	1	0	0	1	1	0	0	1	1	1	1	1.464329	0.41255185	0.222362042615788	0.190189807384212
"Basel_random_14_11"	0	1	1	1	1	1	1	1	1	1	1	1	1	1	0	0	0	1	0	1	1	1	1	0	1	0	1	0	0	0	2.161743	1.10286155	0.638438476107708	0.464423073892292
"Basel_random_15_11"	1	1	1	1	1	1	1	1	1	0	0	1	1	0	1	1	1	1	1	0	0	1	1	0	0	1	0	0	0	1	1.973276	0.9793181	0.458594341200969	0.520723758799031
"Basel_random_16_11"	0	1	0	1	1	0	1	1	0	1	0	1	1	0	1	0	0	0	1	1	1	1	1	1	1	0	1	1	1	1	2.174153	1.17589365	0.734472113161635	0.441421536838365
"Basel_random_17_11"	1	0	1	1	1	1	0	0	1	1	1	1	0	0	0	0	1	0	1	0	1	1	1	1	0	1	1	1	1	1	1.586853	0.77062855	0.483881628961104	0.286746921038896
"Basel_random_18_11"	1	0	1	1	1	0	1	1	0	1	1	0	1	1	1	1	1	0	0	0	0	1	1	1	1	1	1	0	1	0	2.060176	1.1501678	0.770257243355206	0.379910556644794
"Basel_random_19_11"	1	1	1	1	0	0	0	1	1	0	1	1	1	1	1	1	1	1	1	0	1	1	1	1	1	0	0	0	0	0	2.387342	1.52625065	0.946080476106877	0.580170173893123
"Basel_random_20_11"	1	1	1	1	1	0	1	1	0	1	1	1	1	1	1	0	0	1	1	0	0	0	1	0	1	0	1	1	1	0	1.883959	0.95667775	0.637441157210391	0.319236592789609
"Basel_random_21_11"	1	0	1	1	0	1	1	0	0	1	0	1	1	1	1	0	1	1	1	1	0	0	1	1	0	0	1	1	1	1	1.35439	0.41956775	0.202773831146552	0.216793918853447
"Basel_random_22_11"	1	1	1	1	1	1	0	1	1	1	1	1	0	1	1	1	1	1	1	0	1	0	1	0	0	0	1	0	0	0	1.458402	0.62921975	0.357466752230808	0.271752997769192
"Basel_random_23_11"	1	1	0	1	1	1	1	0	1	1	0	1	1	1	0	0	1	0	1	1	1	0	1	1	0	1	1	0	0	1	1.345294	0.5043834	0.294911606375273	0.209471793624727
"Basel_random_24_11"	1	1	0	1	1	1	1	0	1	0	0	1	1	0	1	0	0	1	0	1	1	1	1	1	0	1	1	1	1	0	1.496834	0.6225096	0.355558326855988	0.266951273144012
"Basel_random_25_11"	0	0	1	1	0	0	1	1	1	0	1	1	1	1	1	1	1	0	1	1	0	1	1	0	1	0	0	1	1	1	2.384183	1.3779811	0.765099296451355	0.612881803548645
"Basel_random_26_11"	1	1	1	0	1	1	1	1	1	1	0	0	1	0	1	1	1	1	0	1	0	0	0	1	1	0	1	1	1	0	1.979577	0.83313185	0.485136525175464	0.347995324824536
"Basel_random_27_11"	1	0	1	0	0	0	1	1	0	0	1	1	0	1	0	1	1	1	0	1	0	1	1	1	1	1	1	1	1	1	2.040554	0.983521	0.665613489471177	0.317907510528823
"Basel_random_28_11"	0	1	1	0	1	1	0	0	0	1	0	1	0	0	1	0	1	1	1	1	1	1	1	1	1	1	1	1	0	1	2.107338	1.0709318	0.682210505452093	0.388721294547907
"Basel_random_29_11"	1	0	0	1	1	1	1	0	0	1	0	1	0	1	1	1	1	1	0	0	0	1	1	1	1	1	0	1	1	1	2.59018	1.54502905	0.983556554793801	0.561472495206199
"Basel_random_30_11"	1	1	1	1	0	1	1	0	0	0	1	0	0	1	0	1	1	1	1	1	1	0	1	1	1	0	1	1	1	0	1.78718	0.8019855	0.537706585502166	0.264278914497834
