"assemblage"	"AVir"	"PMon"	"TBac"	"AAlb"	"PCem"	"LDec"	"BPen"	"QRob"	"PAbi"	"PSyl"	"PNig"	"AInc"	"UGla"	"TPla"	"AGlu"	"QPub"	"SAri"	"PTre"	"APla"	"TCor"	"SAlb"	"QPet"	"CAve"	"SAuc"	"FSyl"	"ACam"	"CSat"	"APse"	"FExc"	"CBet"	"productivity"	"DeltaY"	"Selection"	"Complementarity"
"Schwerin_increasing_13"	1	1	1	1	1	1	1	1	1	1	1	1	1	1	1	1	1	1	0	0	0	0	0	0	0	0	0	0	0	0	1.578553	0.779208166666667	0.0367784807826944	0.742429685883972
"Schwerin_decreasing_13"	0	0	0	0	0	0	0	0	0	0	0	0	1	1	1	1	1	1	1	1	1	1	1	1	1	1	1	1	1	1	1.771967	0.959168444444444	0.531064568742067	0.428103875702377
"Schwerin_random_1_13"	1	0	1	1	0	0	0	1	1	0	1	1	1	1	0	0	1	1	1	1	0	1	0	0	1	0	0	1	1	1	2.189479	1.42363466666667	0.900729741170734	0.522904925495933
"Schwerin_random_2_13"	1	0	1	1	0	1	1	0	1	0	0	0	1	0	0	1	1	0	1	1	0	1	0	0	1	1	1	1	1	1	1.802118	0.890920833333333	0.526065829453279	0.364855003880055
"Schwerin_random_3_13"	0	1	0	1	1	1	0	0	0	0	1	1	1	1	0	1	0	1	0	0	1	1	1	1	1	1	0	0	1	1	2.570512	1.71306438888889	0.704164274882097	1.00890011400679
"Schwerin_random_4_13"	1	1	0	0	1	0	1	1	1	0	1	1	0	1	1	0	1	0	0	1	1	0	1	1	0	0	0	1	1	1	1.488776	0.939006833333333	0.483532011584103	0.45547482174923
"Schwerin_random_5_13"	0	1	0	1	1	1	1	1	0	0	0	1	1	1	1	1	0	1	1	0	1	0	1	1	0	0	1	0	0	1	1.375244	0.554055833333333	0.228909689211753	0.32514614412158
"Schwerin_random_6_13"	0	1	1	1	1	0	1	0	1	1	1	0	1	1	0	0	1	0	1	0	0	1	1	1	0	0	1	1	0	1	1.459608	0.710631555555556	0.403848073074406	0.306783482481149
"Schwerin_random_7_13"	1	0	0	1	0	0	1	1	1	1	0	0	0	1	1	0	1	1	0	0	1	0	1	1	1	1	1	0	1	1	1.683716	0.974099055555556	0.618120553860596	0.35597850169496
"Schwerin_random_8_13"	1	1	0	1	1	0	0	1	1	1	1	1	0	0	1	0	1	1	0	1	1	0	0	0	0	1	1	0	1	1	1.382793	0.724044277777778	0.383055645428998	0.340988632348779
"Schwerin_random_9_13"	1	1	0	0	0	1	1	1	0	0	1	0	1	0	1	1	1	0	0	0	1	1	1	1	1	1	1	0	1	0	1.760888	0.931841333333333	0.414290091220622	0.517551242112711
"Schwerin_random_10_13"	1	1	0	1	1	1	0	0	0	0	1	0	1	1	0	1	1	1	0	1	1	0	1	1	1	1	0	0	0	1	2.090839	1.28618272222222	0.416149727592105	0.870032994630117
"Schwerin_random_11_13"	1	1	0	0	0	0	1	0	0	1	0	1	0	0	1	1	1	1	0	1	0	1	1	1	1	1	1	1	1	0	1.661239	0.800008944444444	0.466607349635798	0.333401594808646
"Schwerin_random_12_13"	1	0	1	0	1	1	1	0	0	1	1	1	1	1	1	1	0	1	1	0	0	0	1	0	1	0	0	1	1	0	2.322826	1.52790533333333	0.452620980675771	1.07528435265756
"Schwerin_random_13_13"	1	1	1	0	1	1	0	0	0	1	0	1	1	1	0	1	0	1	1	1	0	0	0	1	0	0	1	1	1	1	1.216988	0.3285965	0.16508428356997	0.16351221643003
"Schwerin_random_14_13"	0	1	1	1	0	1	1	1	1	1	1	1	1	1	0	0	0	1	0	1	1	1	1	0	0	0	1	0	0	0	1.435673	0.583348666666667	0.189309869405537	0.39403879726113
"Schwerin_random_15_13"	0	1	1	1	1	1	1	1	0	0	0	1	1	0	1	1	1	1	1	0	0	1	1	0	0	1	0	0	0	1	1.856406	0.947723277777778	0.320963972189489	0.626759305588289
"Schwerin_random_16_13"	0	1	0	1	1	0	1	1	0	1	0	0	1	0	1	0	0	0	1	1	1	1	1	0	1	0	1	1	1	1	1.83043	0.947669444444444	0.466168631071394	0.481500813373051
"Schwerin_random_17_13"	1	0	1	0	1	1	0	0	1	1	1	1	0	0	0	0	1	0	0	0	1	1	1	1	0	1	1	1	1	1	1.387249	0.703561666666667	0.442731601020304	0.260830065646362
"Schwerin_random_18_13"	0	0	1	1	1	0	1	1	0	1	1	0	0	1	1	1	1	0	0	0	0	1	1	1	1	1	1	0	1	0	1.771761	0.964715777777778	0.525455225048845	0.439260552728933
"Schwerin_random_19_13"	1	1	1	1	0	0	0	1	1	0	0	1	1	1	1	1	1	1	0	0	1	1	1	1	1	0	0	0	0	0	2.20386	1.46658911111111	0.827737108795189	0.638852002315922
"Schwerin_random_20_13"	1	1	1	1	1	0	1	1	0	1	0	1	0	1	1	0	0	1	1	0	0	0	1	0	1	0	1	1	1	0	1.732363	0.953119611111111	0.619402331631123	0.333717279479988
"Schwerin_random_21_13"	1	0	1	1	0	1	0	0	0	1	0	1	1	1	1	0	1	0	1	1	0	0	1	1	0	0	1	1	1	1	1.204526	0.581643666666667	0.400053397112125	0.181590269554542
"Schwerin_random_22_13"	1	1	1	1	1	1	0	1	1	1	0	0	0	1	1	1	1	1	1	0	1	0	1	0	0	0	1	0	0	0	1.370827	0.578611444444444	0.251039988932242	0.327571455512203
"Schwerin_random_23_13"	1	1	0	1	1	1	0	0	1	1	0	1	0	1	0	0	1	0	1	1	1	0	1	1	0	1	1	0	0	1	1.203882	0.545598055555556	0.364290765916597	0.181307289638959
"Schwerin_random_24_13"	0	1	0	1	1	1	1	0	1	0	0	1	1	0	1	0	0	1	0	1	1	1	1	1	0	0	1	1	1	0	1.351046	0.589463555555556	0.239990754863557	0.349472800691998
"Schwerin_random_25_13"	0	0	0	1	0	0	1	1	1	0	0	1	1	1	1	1	1	0	1	1	0	1	1	0	1	0	0	1	1	1	2.167842	1.37993816666667	0.830533742026948	0.549404424639719
"Schwerin_random_26_13"	1	0	1	0	1	1	1	1	1	1	0	0	1	0	1	1	1	1	0	0	0	0	0	1	1	0	1	1	1	0	1.659607	0.7168055	0.35756114043212	0.35924435956788
"Schwerin_random_27_13"	0	0	1	0	0	0	1	1	0	0	1	1	0	1	0	1	1	1	0	1	0	1	0	1	1	1	1	1	1	1	1.736654	0.805261611111111	0.463758280248351	0.34150333086276
"Schwerin_random_28_13"	0	1	1	0	1	1	0	0	0	1	0	1	0	0	1	0	1	1	1	1	1	0	1	1	1	1	1	1	0	0	1.498935	0.679932388888889	0.410465338320731	0.269467050568158
"Schwerin_random_29_13"	1	0	0	1	1	1	1	0	0	1	0	1	0	1	1	0	1	1	0	0	0	1	1	1	1	0	0	1	1	1	2.547411	1.70089688888889	0.913340522314465	0.787556366574425
"Schwerin_random_30_13"	1	1	1	1	0	0	1	0	0	0	1	0	0	1	0	1	0	1	1	1	1	0	1	1	1	0	1	1	1	0	1.531227	0.808236277777778	0.504271348785473	0.303964928992305
