"assemblage"	"AVir"	"PMon"	"TBac"	"AAlb"	"PCem"	"LDec"	"BPen"	"QRob"	"PAbi"	"PSyl"	"PNig"	"AInc"	"UGla"	"TPla"	"AGlu"	"QPub"	"SAri"	"PTre"	"APla"	"TCor"	"SAlb"	"QPet"	"CAve"	"SAuc"	"FSyl"	"ACam"	"CSat"	"APse"	"FExc"	"CBet"	"productivity"	"DeltaY"	"Selection"	"Complementarity"
"Huttwil_increasing_1"	1	1	1	1	1	1	1	1	1	1	1	1	1	1	1	1	1	1	1	1	1	1	1	1	1	1	1	1	1	1	3.022111	1.23684326666667	0.567400388520591	0.669442878146076
"Huttwil_decreasing_1"	1	1	1	1	1	1	1	1	1	1	1	1	1	1	1	1	1	1	1	1	1	1	1	1	1	1	1	1	1	1	2.984679	1.19941126666667	0.555600020579018	0.643811246087649
"Huttwil_random_1_1"	1	1	1	1	1	1	1	1	1	1	1	1	1	1	1	1	1	1	1	1	1	1	1	1	1	1	1	1	1	1	3.048139	1.26287126666667	0.584239717340061	0.678631549326606
"Huttwil_random_2_1"	1	1	1	1	1	1	1	1	1	1	1	1	1	1	1	1	1	1	1	1	1	1	1	1	1	1	1	1	1	1	2.956785	1.17151726666667	0.504742262544161	0.666775004122507
"Huttwil_random_3_1"	1	1	1	1	1	1	1	1	1	1	1	1	1	1	1	1	1	1	1	1	1	1	1	1	1	1	1	1	1	1	2.929295	1.14402726666667	0.521448326175942	0.622578940490725
"Huttwil_random_4_1"	1	1	1	1	1	1	1	1	1	1	1	1	1	1	1	1	1	1	1	1	1	1	1	1	1	1	1	1	1	1	3.007073	1.22180526666667	0.554980733748649	0.666824532918018
"Huttwil_random_5_1"	1	1	1	1	1	1	1	1	1	1	1	1	1	1	1	1	1	1	1	1	1	1	1	1	1	1	1	1	1	1	2.960049	1.17478126666667	0.53321726870833	0.641563997958337
"Huttwil_random_6_1"	1	1	1	1	1	1	1	1	1	1	1	1	1	1	1	1	1	1	1	1	1	1	1	1	1	1	1	1	1	1	2.911583	1.12631526666667	0.519002473379182	0.607312793287485
"Huttwil_random_7_1"	1	1	1	1	1	1	1	1	1	1	1	1	1	1	1	1	1	1	1	1	1	1	1	1	1	1	1	1	1	1	2.991877	1.20660926666667	0.536024046119659	0.670585220547008
"Huttwil_random_8_1"	1	1	1	1	1	1	1	1	1	1	1	1	1	1	1	1	1	1	1	1	1	1	1	1	1	1	1	1	1	1	2.913823	1.12855526666667	0.544056685761488	0.584498580905178
"Huttwil_random_9_1"	1	1	1	1	1	1	1	1	1	1	1	1	1	1	1	1	1	1	1	1	1	1	1	1	1	1	1	1	1	1	3.022561	1.23729326666667	0.562776987711623	0.674516278955044
"Huttwil_random_10_1"	1	1	1	1	1	1	1	1	1	1	1	1	1	1	1	1	1	1	1	1	1	1	1	1	1	1	1	1	1	1	2.988754	1.20348626666667	0.571863022205252	0.631623244461414
"Huttwil_random_11_1"	1	1	1	1	1	1	1	1	1	1	1	1	1	1	1	1	1	1	1	1	1	1	1	1	1	1	1	1	1	1	3.058945	1.27367726666667	0.617046452729835	0.656630813936832
"Huttwil_random_12_1"	1	1	1	1	1	1	1	1	1	1	1	1	1	1	1	1	1	1	1	1	1	1	1	1	1	1	1	1	1	1	3.055502	1.27023426666667	0.581434735900149	0.688799530766518
"Huttwil_random_13_1"	1	1	1	1	1	1	1	1	1	1	1	1	1	1	1	1	1	1	1	1	1	1	1	1	1	1	1	1	1	1	2.988343	1.20307526666667	0.555012915338138	0.648062351328529
"Huttwil_random_14_1"	1	1	1	1	1	1	1	1	1	1	1	1	1	1	1	1	1	1	1	1	1	1	1	1	1	1	1	1	1	1	2.907156	1.12188826666667	0.536573493363167	0.5853147733035
"Huttwil_random_15_1"	1	1	1	1	1	1	1	1	1	1	1	1	1	1	1	1	1	1	1	1	1	1	1	1	1	1	1	1	1	1	3.002835	1.21756726666667	0.563775548093022	0.653791718573645
"Huttwil_random_16_1"	1	1	1	1	1	1	1	1	1	1	1	1	1	1	1	1	1	1	1	1	1	1	1	1	1	1	1	1	1	1	3.037859	1.25259126666667	0.580134209144369	0.672457057522297
"Huttwil_random_17_1"	1	1	1	1	1	1	1	1	1	1	1	1	1	1	1	1	1	1	1	1	1	1	1	1	1	1	1	1	1	1	3.048975	1.26370726666667	0.589554872853709	0.674152393812958
"Huttwil_random_18_1"	1	1	1	1	1	1	1	1	1	1	1	1	1	1	1	1	1	1	1	1	1	1	1	1	1	1	1	1	1	1	3.02761	1.24234226666667	0.616974203178084	0.625368063488583
"Huttwil_random_19_1"	1	1	1	1	1	1	1	1	1	1	1	1	1	1	1	1	1	1	1	1	1	1	1	1	1	1	1	1	1	1	2.948316	1.16304826666667	0.559070836500958	0.603977430165708
"Huttwil_random_20_1"	1	1	1	1	1	1	1	1	1	1	1	1	1	1	1	1	1	1	1	1	1	1	1	1	1	1	1	1	1	1	3.029121	1.24385326666667	0.585797478293383	0.658055788373283
"Huttwil_random_21_1"	1	1	1	1	1	1	1	1	1	1	1	1	1	1	1	1	1	1	1	1	1	1	1	1	1	1	1	1	1	1	3.007553	1.22228526666667	0.569558204219095	0.652727062447572
"Huttwil_random_22_1"	1	1	1	1	1	1	1	1	1	1	1	1	1	1	1	1	1	1	1	1	1	1	1	1	1	1	1	1	1	1	2.939858	1.15459026666667	0.522513666031569	0.632076600635097
"Huttwil_random_23_1"	1	1	1	1	1	1	1	1	1	1	1	1	1	1	1	1	1	1	1	1	1	1	1	1	1	1	1	1	1	1	2.99248	1.20721226666667	0.570495020576055	0.636717246090612
"Huttwil_random_24_1"	1	1	1	1	1	1	1	1	1	1	1	1	1	1	1	1	1	1	1	1	1	1	1	1	1	1	1	1	1	1	2.968882	1.18361426666667	0.547743872576941	0.635870394089726
"Huttwil_random_25_1"	1	1	1	1	1	1	1	1	1	1	1	1	1	1	1	1	1	1	1	1	1	1	1	1	1	1	1	1	1	1	2.976151	1.19088326666667	0.546162368245379	0.644720898421288
"Huttwil_random_26_1"	1	1	1	1	1	1	1	1	1	1	1	1	1	1	1	1	1	1	1	1	1	1	1	1	1	1	1	1	1	1	2.947421	1.16215326666667	0.542847765752933	0.619305500913734
"Huttwil_random_27_1"	1	1	1	1	1	1	1	1	1	1	1	1	1	1	1	1	1	1	1	1	1	1	1	1	1	1	1	1	1	1	2.942757	1.15748926666667	0.507493884060799	0.649995382605868
"Huttwil_random_28_1"	1	1	1	1	1	1	1	1	1	1	1	1	1	1	1	1	1	1	1	1	1	1	1	1	1	1	1	1	1	1	2.915603	1.13033526666667	0.5600859842175	0.570249282449167
"Huttwil_random_29_1"	1	1	1	1	1	1	1	1	1	1	1	1	1	1	1	1	1	1	1	1	1	1	1	1	1	1	1	1	1	1	2.980647	1.19537926666667	0.528834469829855	0.666544796836812
"Huttwil_random_30_1"	1	1	1	1	1	1	1	1	1	1	1	1	1	1	1	1	1	1	1	1	1	1	1	1	1	1	1	1	1	1	2.979999	1.19473126666667	0.552387627241843	0.642343639424824
