"assemblage"	"AVir"	"PMon"	"TBac"	"AAlb"	"PCem"	"LDec"	"BPen"	"QRob"	"PAbi"	"PSyl"	"PNig"	"AInc"	"UGla"	"TPla"	"AGlu"	"QPub"	"SAri"	"PTre"	"APla"	"TCor"	"SAlb"	"QPet"	"CAve"	"SAuc"	"FSyl"	"ACam"	"CSat"	"APse"	"FExc"	"CBet"	"productivity"	"DeltaY"	"Selection"	"Complementarity"
"Cottbus_increasing_1"	1	1	1	1	1	1	1	1	1	1	1	1	1	1	1	1	1	1	1	1	1	1	1	1	1	1	1	1	1	1	1.975454	1.541778	0.363086544974316	1.17869145502568
"Cottbus_decreasing_1"	1	1	1	1	1	1	1	1	1	1	1	1	1	1	1	1	1	1	1	1	1	1	1	1	1	1	1	1	1	1	1.948172	1.514496	0.276340017233234	1.23815598276677
"Cottbus_random_1_1"	1	1	1	1	1	1	1	1	1	1	1	1	1	1	1	1	1	1	1	1	1	1	1	1	1	1	1	1	1	1	1.925577	1.491901	0.306299567495187	1.18560143250481
"Cottbus_random_2_1"	1	1	1	1	1	1	1	1	1	1	1	1	1	1	1	1	1	1	1	1	1	1	1	1	1	1	1	1	1	1	1.929556	1.49588	0.301300400839736	1.19457959916026
"Cottbus_random_3_1"	1	1	1	1	1	1	1	1	1	1	1	1	1	1	1	1	1	1	1	1	1	1	1	1	1	1	1	1	1	1	1.956149	1.522473	0.322356543340865	1.20011645665913
"Cottbus_random_4_1"	1	1	1	1	1	1	1	1	1	1	1	1	1	1	1	1	1	1	1	1	1	1	1	1	1	1	1	1	1	1	2.022245	1.588569	0.335350431367129	1.25321856863287
"Cottbus_random_5_1"	1	1	1	1	1	1	1	1	1	1	1	1	1	1	1	1	1	1	1	1	1	1	1	1	1	1	1	1	1	1	2.004863	1.571187	0.389769428636209	1.18141757136379
"Cottbus_random_6_1"	1	1	1	1	1	1	1	1	1	1	1	1	1	1	1	1	1	1	1	1	1	1	1	1	1	1	1	1	1	1	1.997503	1.563827	0.324161350288292	1.23966564971171
"Cottbus_random_7_1"	1	1	1	1	1	1	1	1	1	1	1	1	1	1	1	1	1	1	1	1	1	1	1	1	1	1	1	1	1	1	1.988228	1.554552	0.382101538727002	1.172450461273
"Cottbus_random_8_1"	1	1	1	1	1	1	1	1	1	1	1	1	1	1	1	1	1	1	1	1	1	1	1	1	1	1	1	1	1	1	1.959827	1.526151	0.277840357960521	1.24831064203948
"Cottbus_random_9_1"	1	1	1	1	1	1	1	1	1	1	1	1	1	1	1	1	1	1	1	1	1	1	1	1	1	1	1	1	1	1	1.974649	1.540973	0.275145456731244	1.26582754326876
"Cottbus_random_10_1"	1	1	1	1	1	1	1	1	1	1	1	1	1	1	1	1	1	1	1	1	1	1	1	1	1	1	1	1	1	1	1.956471	1.522795	0.345437269729408	1.17735773027059
"Cottbus_random_11_1"	1	1	1	1	1	1	1	1	1	1	1	1	1	1	1	1	1	1	1	1	1	1	1	1	1	1	1	1	1	1	2.004638	1.570962	0.394650066831379	1.17631193316862
"Cottbus_random_12_1"	1	1	1	1	1	1	1	1	1	1	1	1	1	1	1	1	1	1	1	1	1	1	1	1	1	1	1	1	1	1	1.950702	1.517026	0.310958960440502	1.2060670395595
"Cottbus_random_13_1"	1	1	1	1	1	1	1	1	1	1	1	1	1	1	1	1	1	1	1	1	1	1	1	1	1	1	1	1	1	1	2.001989	1.568313	0.400305076842666	1.16800792315733
"Cottbus_random_14_1"	1	1	1	1	1	1	1	1	1	1	1	1	1	1	1	1	1	1	1	1	1	1	1	1	1	1	1	1	1	1	1.9533	1.519624	0.24287942030376	1.27674457969624
"Cottbus_random_15_1"	1	1	1	1	1	1	1	1	1	1	1	1	1	1	1	1	1	1	1	1	1	1	1	1	1	1	1	1	1	1	1.930185	1.496509	0.224823148771897	1.2716858512281
"Cottbus_random_16_1"	1	1	1	1	1	1	1	1	1	1	1	1	1	1	1	1	1	1	1	1	1	1	1	1	1	1	1	1	1	1	1.948968	1.515292	0.265441957490051	1.24985004250995
"Cottbus_random_17_1"	1	1	1	1	1	1	1	1	1	1	1	1	1	1	1	1	1	1	1	1	1	1	1	1	1	1	1	1	1	1	1.97528	1.541604	0.304115104522802	1.2374888954772
"Cottbus_random_18_1"	1	1	1	1	1	1	1	1	1	1	1	1	1	1	1	1	1	1	1	1	1	1	1	1	1	1	1	1	1	1	1.972602	1.538926	0.320743559052186	1.21818244094781
"Cottbus_random_19_1"	1	1	1	1	1	1	1	1	1	1	1	1	1	1	1	1	1	1	1	1	1	1	1	1	1	1	1	1	1	1	1.940787	1.507111	0.289485298647585	1.21762570135241
"Cottbus_random_20_1"	1	1	1	1	1	1	1	1	1	1	1	1	1	1	1	1	1	1	1	1	1	1	1	1	1	1	1	1	1	1	1.980887	1.547211	0.318599533905616	1.22861146609438
"Cottbus_random_21_1"	1	1	1	1	1	1	1	1	1	1	1	1	1	1	1	1	1	1	1	1	1	1	1	1	1	1	1	1	1	1	1.964067	1.530391	0.329906881522876	1.20048411847712
"Cottbus_random_22_1"	1	1	1	1	1	1	1	1	1	1	1	1	1	1	1	1	1	1	1	1	1	1	1	1	1	1	1	1	1	1	1.956603	1.522927	0.304701213975386	1.21822578602461
"Cottbus_random_23_1"	1	1	1	1	1	1	1	1	1	1	1	1	1	1	1	1	1	1	1	1	1	1	1	1	1	1	1	1	1	1	1.923657	1.489981	0.276978383159143	1.21300261684086
"Cottbus_random_24_1"	1	1	1	1	1	1	1	1	1	1	1	1	1	1	1	1	1	1	1	1	1	1	1	1	1	1	1	1	1	1	1.969914	1.536238	0.354329203629077	1.18190879637092
"Cottbus_random_25_1"	1	1	1	1	1	1	1	1	1	1	1	1	1	1	1	1	1	1	1	1	1	1	1	1	1	1	1	1	1	1	1.977454	1.543778	0.299202099998392	1.24457590000161
"Cottbus_random_26_1"	1	1	1	1	1	1	1	1	1	1	1	1	1	1	1	1	1	1	1	1	1	1	1	1	1	1	1	1	1	1	1.934095	1.500419	0.294746313587214	1.20567268641279
"Cottbus_random_27_1"	1	1	1	1	1	1	1	1	1	1	1	1	1	1	1	1	1	1	1	1	1	1	1	1	1	1	1	1	1	1	1.964754	1.531078	0.322894839623934	1.20818316037607
"Cottbus_random_28_1"	1	1	1	1	1	1	1	1	1	1	1	1	1	1	1	1	1	1	1	1	1	1	1	1	1	1	1	1	1	1	1.986302	1.552626	0.326035425316773	1.22659057468323
"Cottbus_random_29_1"	1	1	1	1	1	1	1	1	1	1	1	1	1	1	1	1	1	1	1	1	1	1	1	1	1	1	1	1	1	1	1.923251	1.489575	0.34311190792969	1.14646309207031
"Cottbus_random_30_1"	1	1	1	1	1	1	1	1	1	1	1	1	1	1	1	1	1	1	1	1	1	1	1	1	1	1	1	1	1	1	1.942591	1.508915	0.330923454667972	1.17799154533203
