"assemblage"	"AVir"	"PMon"	"TBac"	"AAlb"	"PCem"	"LDec"	"BPen"	"QRob"	"PAbi"	"PSyl"	"PNig"	"AInc"	"UGla"	"TPla"	"AGlu"	"QPub"	"SAri"	"PTre"	"APla"	"TCor"	"SAlb"	"QPet"	"CAve"	"SAuc"	"FSyl"	"ACam"	"CSat"	"APse"	"FExc"	"CBet"	"productivity"	"DeltaY"	"Selection"	"Complementarity"
"Schwerin_increasing_12"	1	1	1	1	1	1	1	1	1	1	1	1	1	1	1	1	1	1	1	0	0	0	0	0	0	0	0	0	0	0	1.601334	0.819765105263158	-0.00330693990887082	0.823072045172029
"Schwerin_decreasing_12"	0	0	0	0	0	0	0	0	0	0	0	1	1	1	1	1	1	1	1	1	1	1	1	1	1	1	1	1	1	1	1.76566	0.993932631578948	0.57929682801523	0.414635803563718
"Schwerin_random_1_12"	1	0	1	1	1	0	0	1	1	0	1	1	1	1	0	0	1	1	1	1	0	1	0	0	1	0	0	1	1	1	2.142553	1.36947794736842	0.833068226817871	0.53640972055055
"Schwerin_random_2_12"	1	0	1	1	0	1	1	0	1	0	0	0	1	0	0	1	1	0	1	1	0	1	0	1	1	1	1	1	1	1	1.745956	0.864785842105263	0.525122501760455	0.339663340344808
"Schwerin_random_3_12"	0	1	0	1	1	1	0	0	0	0	1	1	1	1	0	1	0	1	0	0	1	1	1	1	1	1	0	1	1	1	2.541838	1.68188868421053	0.679874816905684	1.00201386730484
"Schwerin_random_4_12"	1	1	0	0	1	0	1	1	1	1	1	1	0	1	1	0	1	0	0	1	1	0	1	1	0	0	0	1	1	1	1.456984	0.863100105263158	0.387575390514562	0.475524714748596
"Schwerin_random_5_12"	0	1	0	1	1	1	1	1	0	0	0	1	1	1	1	1	0	1	1	0	1	0	1	1	0	0	1	1	0	1	1.409205	0.583606736842105	0.223098968859159	0.360507767982947
"Schwerin_random_6_12"	0	1	1	1	1	0	1	1	1	1	1	0	1	1	0	0	1	0	1	0	0	1	1	1	0	0	1	1	0	1	1.527791	0.738599	0.461796645816036	0.276802354183964
"Schwerin_random_7_12"	1	1	0	1	0	0	1	1	1	1	0	0	0	1	1	0	1	1	0	0	1	0	1	1	1	1	1	0	1	1	1.703824	0.963851736842105	0.603899085300404	0.359952651541702
"Schwerin_random_8_12"	1	1	0	1	1	1	0	1	1	1	1	1	0	0	1	0	1	1	0	1	1	0	0	0	0	1	1	0	1	1	1.433907	0.697780789473684	0.289413920993662	0.408366868480023
"Schwerin_random_9_12"	1	1	0	0	0	1	1	1	0	0	1	0	1	1	1	1	1	0	0	0	1	1	1	1	1	1	1	0	1	0	1.840777	1.02784310526316	0.527495724978255	0.500347380284903
"Schwerin_random_10_12"	1	1	0	1	1	1	0	0	0	0	1	0	1	1	1	1	1	1	0	1	1	0	1	1	1	1	0	0	0	1	2.09669	1.33358726315789	0.336280384506303	0.997306878651592
"Schwerin_random_11_12"	1	1	0	0	0	0	1	0	0	1	0	1	1	0	1	1	1	1	0	1	0	1	1	1	1	1	1	1	1	0	1.693754	0.846385684210527	0.506505438052461	0.339880246158066
"Schwerin_random_12_12"	1	0	1	0	1	1	1	0	0	1	1	1	1	1	1	1	0	1	1	0	0	0	1	0	1	0	1	1	1	0	1.528087	0.718524631578948	0.418607629105233	0.299917002473715
"Schwerin_random_13_12"	1	1	1	0	1	1	0	0	0	1	0	1	1	1	0	1	0	1	1	1	0	0	1	1	0	0	1	1	1	1	1.198653	0.355296157894737	0.221384610203134	0.133911547691603
"Schwerin_random_14_12"	0	1	1	1	1	1	1	1	1	1	1	1	1	1	0	0	0	1	0	1	1	1	1	0	0	0	1	0	0	0	1.444676	0.589672526315789	0.234824963345073	0.354847562970716
"Schwerin_random_15_12"	1	1	1	1	1	1	1	1	0	0	0	1	1	0	1	1	1	1	1	0	0	1	1	0	0	1	0	0	0	1	1.914819	1.05379110526316	0.395646217132725	0.658144888130433
"Schwerin_random_16_12"	0	1	0	1	1	0	1	1	0	1	0	1	1	0	1	0	0	0	1	1	1	1	1	0	1	0	1	1	1	1	1.883479	1.04547184210526	0.536446042338724	0.509025799766539
"Schwerin_random_17_12"	1	0	1	1	1	1	0	0	1	1	1	1	0	0	0	0	1	0	0	0	1	1	1	1	0	1	1	1	1	1	1.442034	0.784032421052632	0.474509453403325	0.309522967649307
"Schwerin_random_18_12"	0	0	1	1	1	0	1	1	0	1	1	0	1	1	1	1	1	0	0	0	0	1	1	1	1	1	1	0	1	0	1.826832	1.03079668421053	0.545888005891434	0.484908678319093
"Schwerin_random_19_12"	1	1	1	1	0	0	0	1	1	0	1	1	1	1	1	1	1	1	0	0	1	1	1	1	1	0	0	0	0	0	2.181001	1.48165989473684	0.712796994190948	0.768862900545894
"Schwerin_random_20_12"	1	1	1	1	1	0	1	1	0	1	1	1	0	1	1	0	0	1	1	0	0	0	1	0	1	0	1	1	1	0	1.679896	0.940791473684211	0.586598717999055	0.354192755685155
"Schwerin_random_21_12"	1	0	1	1	0	1	0	0	0	1	0	1	1	1	1	0	1	1	1	1	0	0	1	1	0	0	1	1	1	1	1.225643	0.547321894736842	0.345079934320081	0.202241960416762
"Schwerin_random_22_12"	1	1	1	1	1	1	0	1	1	1	0	1	0	1	1	1	1	1	1	0	1	0	1	0	0	0	1	0	0	0	1.364651	0.612423315789474	0.288318236451685	0.324105079337788
"Schwerin_random_23_12"	1	1	0	1	1	1	1	0	1	1	0	1	0	1	0	0	1	0	1	1	1	0	1	1	0	1	1	0	0	1	1.168699	0.488783947368421	0.3396587998941	0.149125147474321
"Schwerin_random_24_12"	0	1	0	1	1	1	1	0	1	0	0	1	1	0	1	0	0	1	0	1	1	1	1	1	0	1	1	1	1	0	1.293476	0.54569952631579	0.246646604130446	0.299052922185343
"Schwerin_random_25_12"	0	0	0	1	0	0	1	1	1	0	1	1	1	1	1	1	1	0	1	1	0	1	1	0	1	0	0	1	1	1	2.124299	1.37698984210526	0.774377159505163	0.602612682600101
"Schwerin_random_26_12"	1	1	1	0	1	1	1	1	1	1	0	0	1	0	1	1	1	1	0	0	0	0	0	1	1	0	1	1	1	0	1.672444	0.711560052631579	0.352435230151375	0.359124822480204
"Schwerin_random_27_12"	0	0	1	0	0	0	1	1	0	0	1	1	0	1	0	1	1	1	0	1	0	1	1	1	1	1	1	1	1	1	1.804499	0.920404473684211	0.539973661144122	0.380430812540089
"Schwerin_random_28_12"	0	1	1	0	1	1	0	0	0	1	0	1	0	0	1	0	1	1	1	1	1	1	1	1	1	1	1	1	0	0	1.739427	0.860815421052632	0.405749257756086	0.455066163296546
"Schwerin_random_29_12"	1	0	0	1	1	1	1	0	0	1	0	1	0	1	1	0	1	1	0	0	0	1	1	1	1	1	0	1	1	1	2.580592	1.75235394736842	0.904341311076976	0.848012636291445
"Schwerin_random_30_12"	1	1	1	1	0	0	1	0	0	0	1	0	0	1	0	1	1	1	1	1	1	0	1	1	1	0	1	1	1	0	1.534047	0.825416894736842	0.533053347074256	0.292363547662586
