"assemblage"	"AVir"	"PMon"	"TBac"	"AAlb"	"PCem"	"LDec"	"BPen"	"QRob"	"PAbi"	"PSyl"	"PNig"	"AInc"	"UGla"	"TPla"	"AGlu"	"QPub"	"SAri"	"PTre"	"APla"	"TCor"	"SAlb"	"QPet"	"CAve"	"SAuc"	"FSyl"	"ACam"	"CSat"	"APse"	"FExc"	"CBet"	"productivity"	"DeltaY"	"Selection"	"Complementarity"
"Huttwil_increasing_12"	1	1	1	1	1	1	1	1	1	1	1	1	1	1	1	1	1	1	1	0	0	0	0	0	0	0	0	0	0	0	2.162911	0.419558052631579	-0.00580467921188808	0.425362731843467
"Huttwil_increasing_13"	1	1	1	1	1	1	1	1	1	1	1	1	1	1	1	1	1	1	0	0	0	0	0	0	0	0	0	0	0	0	2.181298	0.411589388888889	0.0212162938820685	0.39037309500682
"Huttwil_increasing_14"	1	1	1	1	1	1	1	1	1	1	1	1	1	1	1	1	1	0	0	0	0	0	0	0	0	0	0	0	0	0	2.21916	0.498004823529412	0.113332277628041	0.384672545901371
"Huttwil_increasing_15"	1	1	1	1	1	1	1	1	1	1	1	1	1	1	1	1	0	0	0	0	0	0	0	0	0	0	0	0	0	0	2.106991	0.3264018125	0.0338257087194605	0.292576103780539
"Huttwil_increasing_16"	1	1	1	1	1	1	1	1	1	1	1	1	1	1	1	0	0	0	0	0	0	0	0	0	0	0	0	0	0	0	2.182728	0.405045266666667	0.0271104595414862	0.377934807125181
"Huttwil_increasing_17"	1	1	1	1	1	1	1	1	1	1	1	1	1	1	0	0	0	0	0	0	0	0	0	0	0	0	0	0	0	0	2.149803	0.461666714285714	0.156380327400727	0.305286386884987
"Huttwil_increasing_18"	1	1	1	1	1	1	1	1	1	1	1	1	1	0	0	0	0	0	0	0	0	0	0	0	0	0	0	0	0	0	2.159526	0.416400153846154	0.101529998017591	0.314870155828563
"Huttwil_decreasing_12"	0	0	0	0	0	0	0	0	0	0	0	1	1	1	1	1	1	1	1	1	1	1	1	1	1	1	1	1	1	1	2.942875	1.06176505263158	0.404803619880281	0.656961432751298
"Huttwil_decreasing_13"	0	0	0	0	0	0	0	0	0	0	0	0	1	1	1	1	1	1	1	1	1	1	1	1	1	1	1	1	1	1	2.954576	1.15889405555556	0.504486591499643	0.654407464055913
"Huttwil_decreasing_14"	0	0	0	0	0	0	0	0	0	0	0	0	0	1	1	1	1	1	1	1	1	1	1	1	1	1	1	1	1	1	2.839188	1.02169411764706	0.450837836002627	0.570856281644432
"Huttwil_decreasing_15"	0	0	0	0	0	0	0	0	0	0	0	0	0	0	1	1	1	1	1	1	1	1	1	1	1	1	1	1	1	1	2.890318	1.02006025	0.427532616293828	0.592527633706173
"Huttwil_decreasing_16"	0	0	0	0	0	0	0	0	0	0	0	0	0	0	0	1	1	1	1	1	1	1	1	1	1	1	1	1	1	1	2.812159	1.01930626666667	0.50111395975635	0.518192306910317
"Huttwil_decreasing_17"	0	0	0	0	0	0	0	0	0	0	0	0	0	0	0	0	1	1	1	1	1	1	1	1	1	1	1	1	1	1	2.826008	1.03539335714286	0.550097766619755	0.485295590523103
"Huttwil_decreasing_18"	0	0	0	0	0	0	0	0	0	0	0	0	0	0	0	0	0	1	1	1	1	1	1	1	1	1	1	1	1	1	2.864308	0.995200769230769	0.452822609174961	0.542378160055808
"Huttwil_random_1_12"	1	0	1	1	1	0	0	1	1	0	1	1	1	1	0	0	1	1	1	1	0	1	0	0	1	0	0	1	1	1	2.864309	1.10592568421053	0.609855681913086	0.49607000229744
"Huttwil_random_1_13"	1	0	1	1	0	0	0	1	1	0	1	1	1	1	0	0	1	1	1	1	0	1	0	0	1	0	0	1	1	1	2.943715	1.13710872222222	0.555104154394071	0.582004567828151
"Huttwil_random_1_14"	0	0	1	1	0	0	0	1	1	0	1	1	1	1	0	0	1	1	1	1	0	1	0	0	1	0	0	1	1	1	2.916294	1.00394647058824	0.42949074727044	0.574455723317795
"Huttwil_random_1_15"	0	0	0	1	0	0	0	1	1	0	1	1	1	1	0	0	1	1	1	1	0	1	0	0	1	0	0	1	1	1	2.851485	0.8737799375	0.318334579080723	0.555445358419277
"Huttwil_random_1_16"	0	0	0	1	0	0	0	1	1	0	1	1	1	1	0	0	1	1	1	1	0	1	0	0	0	0	0	1	1	1	2.304445	0.397810533333334	-0.070105489404842	0.467916022738176
"Huttwil_random_1_17"	0	0	0	1	0	0	0	1	1	0	1	1	0	1	0	0	1	1	1	1	0	1	0	0	0	0	0	1	1	1	2.29053	0.349484428571429	-0.0663043651847146	0.415788793756143
"Huttwil_random_1_18"	0	0	0	1	0	0	0	1	1	0	1	1	0	0	0	0	1	1	1	1	0	1	0	0	0	0	0	1	1	1	2.402124	0.386634307692308	-0.119970104190658	0.506604411882965
"Huttwil_random_2_12"	1	0	1	1	0	1	1	0	1	0	0	0	1	0	0	1	1	0	1	1	0	1	0	1	1	1	1	1	1	1	2.652801	1.07940752631579	0.668662129994872	0.410745396320917
"Huttwil_random_2_13"	1	0	1	1	0	1	1	0	1	0	0	0	1	0	0	1	1	0	1	1	0	1	0	0	1	1	1	1	1	1	2.647956	1.01453111111111	0.565651487532061	0.44887962357905
"Huttwil_random_2_14"	1	0	1	1	0	1	0	0	1	0	0	0	1	0	0	1	1	0	1	1	0	1	0	0	1	1	1	1	1	1	2.61772	1.05155194117647	0.633430952505343	0.418120988671128
"Huttwil_random_2_15"	1	0	1	1	0	1	0	0	1	0	0	0	1	0	0	1	0	0	1	1	0	1	0	0	1	1	1	1	1	1	2.666862	1.050946625	0.604475294355657	0.446471330644343
"Huttwil_random_2_16"	1	0	0	1	0	1	0	0	1	0	0	0	1	0	0	1	0	0	1	1	0	1	0	0	1	1	1	1	1	1	2.60239	0.936522066666667	0.521555557184939	0.414966509481728
"Huttwil_random_2_17"	0	0	0	1	0	1	0	0	1	0	0	0	1	0	0	1	0	0	1	1	0	1	0	0	1	1	1	1	1	1	2.681429	0.897213714285714	0.37219712855179	0.525016585733924
"Huttwil_random_2_18"	0	0	0	1	0	1	0	0	1	0	0	0	1	0	0	1	0	0	1	1	0	1	0	0	0	1	1	1	1	1	2.044052	0.356725076923077	0.0261129234219751	0.330612153501102
"Huttwil_random_3_12"	0	1	0	1	1	1	0	0	0	0	1	1	1	1	0	1	0	1	0	0	1	1	1	1	1	1	0	1	1	1	3.405607	1.42803489473684	0.608666790631447	0.819368104105395
"Huttwil_random_3_13"	0	1	0	1	1	1	0	0	0	0	1	1	1	1	0	1	0	1	0	0	1	1	1	1	1	1	0	0	1	1	3.467198	1.46409133333333	0.649481762382537	0.814609570950796
"Huttwil_random_3_14"	0	1	0	1	1	1	0	0	0	0	1	1	1	1	0	1	0	1	0	0	1	1	1	1	1	1	0	0	0	1	3.348016	1.43022458823529	0.632640648376364	0.79758393985893
"Huttwil_random_3_15"	0	1	0	1	1	1	0	0	0	0	1	1	1	1	0	1	0	1	0	0	1	1	1	1	0	1	0	0	0	1	2.309653	0.462234875	-0.27163213734802	0.73386701234802
"Huttwil_random_3_16"	0	1	0	1	1	1	0	0	0	0	1	1	1	1	0	1	0	0	0	0	1	1	1	1	0	1	0	0	0	1	2.43226	0.634688466666667	-0.0875886327429159	0.722277099409583
"Huttwil_random_3_17"	0	1	0	1	1	1	0	0	0	0	1	1	1	1	0	1	0	0	0	0	1	0	1	1	0	1	0	0	0	1	2.148234	0.362471285714286	-0.398369282547424	0.760840568261709
"Huttwil_random_3_18"	0	1	0	1	1	0	0	0	0	0	1	1	1	1	0	1	0	0	0	0	1	0	1	1	0	1	0	0	0	1	2.097829	0.365529615384615	-0.389209081253939	0.754738696638554
"Huttwil_random_4_12"	1	1	0	0	1	0	1	1	1	1	1	1	0	1	1	0	1	0	0	1	1	0	1	1	0	0	0	1	1	1	2.432314	0.571716473684211	0.231571356643544	0.340145117040667
"Huttwil_random_4_13"	1	1	0	0	1	0	1	1	1	0	1	1	0	1	1	0	1	0	0	1	1	0	1	1	0	0	0	1	1	1	2.467079	0.588542888888889	0.224782665740262	0.363760223148627
"Huttwil_random_4_14"	1	1	0	0	1	0	1	1	1	0	1	1	0	1	1	0	0	0	0	1	1	0	1	1	0	0	0	1	1	1	2.372352	0.428620294117647	0.106746153987731	0.321874140129916
"Huttwil_random_4_15"	1	1	0	0	1	0	1	1	1	0	1	1	0	1	1	0	0	0	0	1	1	0	0	1	0	0	0	1	1	1	2.383474	0.32091225	0.0136855764252669	0.307226673574733
"Huttwil_random_4_16"	1	1	0	0	1	0	1	1	1	0	1	1	0	1	1	0	0	0	0	1	0	0	0	1	0	0	0	1	1	1	2.323032	0.4258584	0.140900705998838	0.284957694001162
"Huttwil_random_4_17"	1	1	0	0	1	0	1	1	1	0	0	1	0	1	1	0	0	0	0	1	0	0	0	1	0	0	0	1	1	1	2.205439	0.421366785714286	0.168170312371095	0.253196473343191
"Huttwil_random_4_18"	1	1	0	0	1	0	0	1	1	0	0	1	0	1	1	0	0	0	0	1	0	0	0	1	0	0	0	1	1	1	2.183759	0.476049769230769	0.259596328551269	0.216453440679501
"Huttwil_random_5_12"	0	1	0	1	1	1	1	1	0	0	0	1	1	1	1	1	0	1	1	0	1	0	1	1	0	0	1	1	0	1	1.885822	0.0499740526315789	-0.535957640525391	0.585931693156969
"Huttwil_random_5_13"	0	1	0	1	1	1	1	1	0	0	0	1	1	1	1	1	0	1	1	0	1	0	1	1	0	0	1	0	0	1	1.858792	0.00528305555555568	-0.526571602800688	0.531854658356244
"Huttwil_random_5_14"	0	1	0	1	1	1	1	1	0	0	0	1	1	0	1	1	0	1	1	0	1	0	1	1	0	0	1	0	0	1	1.86176	-0.0435275882352941	-0.568236686199905	0.524709097964611
"Huttwil_random_5_15"	0	1	0	1	1	1	1	1	0	0	0	1	1	0	1	0	0	1	1	0	1	0	1	1	0	0	1	0	0	1	1.859187	-0.0511694374999999	-0.589836993992607	0.538667556492607
"Huttwil_random_5_16"	0	0	0	1	1	1	1	1	0	0	0	1	1	0	1	0	0	1	1	0	1	0	1	1	0	0	1	0	0	1	1.840436	-0.0982313333333333	-0.641914251114839	0.543682917781506
"Huttwil_random_5_17"	0	0	0	1	0	1	1	1	0	0	0	1	1	0	1	0	0	1	1	0	1	0	1	1	0	0	1	0	0	1	1.914	-0.099545714285714	-0.654895032874412	0.555349318588698
"Huttwil_random_5_18"	0	0	0	1	0	1	1	1	0	0	0	1	1	0	1	0	0	1	1	0	0	0	1	1	0	0	1	0	0	1	1.766908	-0.0520347692307693	-0.49442285526523	0.44238808603446
"Huttwil_random_6_12"	0	1	1	1	1	0	1	1	1	1	1	0	1	1	0	0	1	0	1	0	0	1	1	1	0	0	1	1	0	1	2.18144	0.738061631578948	0.368698314275935	0.369363317303013
"Huttwil_random_6_13"	0	1	1	1	1	0	1	0	1	1	1	0	1	1	0	0	1	0	1	0	0	1	1	1	0	0	1	1	0	1	2.187694	0.756618277777778	0.36592390333485	0.390694374442928
"Huttwil_random_6_14"	0	1	1	1	1	0	1	0	1	1	1	0	1	1	0	0	0	0	1	0	0	1	1	1	0	0	1	1	0	1	2.190673	0.720722882352941	0.335756747016554	0.384966135336388
"Huttwil_random_6_15"	0	1	1	1	1	0	1	0	1	0	1	0	1	1	0	0	0	0	1	0	0	1	1	1	0	0	1	1	0	1	2.187507	0.7217914375	0.340842360274291	0.380949077225709
"Huttwil_random_6_16"	0	1	1	1	1	0	1	0	1	0	0	0	1	1	0	0	0	0	1	0	0	1	1	1	0	0	1	1	0	1	1.996963	0.6655726	0.375282002255662	0.290290597744338
"Huttwil_random_6_17"	0	1	1	1	0	0	1	0	1	0	0	0	1	1	0	0	0	0	1	0	0	1	1	1	0	0	1	1	0	1	1.985061	0.622169142857143	0.337256800169521	0.284912342687622
"Huttwil_random_6_18"	0	1	1	1	0	0	1	0	1	0	0	0	1	0	0	0	0	0	1	0	0	1	1	1	0	0	1	1	0	1	2.04215	0.649287384615384	0.32959679732255	0.319690587292834
"Huttwil_random_7_12"	1	1	0	1	0	0	1	1	1	1	0	0	0	1	1	0	1	1	0	0	1	0	1	1	1	1	1	0	1	1	2.832654	1.07466657894737	0.57748326495213	0.497183313995239
"Huttwil_random_7_13"	1	0	0	1	0	0	1	1	1	1	0	0	0	1	1	0	1	1	0	0	1	0	1	1	1	1	1	0	1	1	2.895345	1.12223011111111	0.553993484263264	0.568236626847847
"Huttwil_random_7_14"	1	0	0	1	0	0	0	1	1	1	0	0	0	1	1	0	1	1	0	0	1	0	1	1	1	1	1	0	1	1	2.865673	1.15159788235294	0.618429549413557	0.533168332939384
"Huttwil_random_7_15"	1	0	0	1	0	0	0	1	1	1	0	0	0	1	1	0	1	1	0	0	1	0	1	0	1	1	1	0	1	1	2.809717	1.0193139375	0.535981303429767	0.483332634070233
"Huttwil_random_7_16"	1	0	0	1	0	0	0	1	1	1	0	0	0	1	1	0	1	1	0	0	1	0	1	0	1	0	1	0	1	1	2.747416	0.885237266666667	0.39865999787287	0.486577268793797
"Huttwil_random_7_17"	1	0	0	1	0	0	0	1	1	1	0	0	0	1	1	0	1	1	0	0	1	0	0	0	1	0	1	0	1	1	2.711278	0.719118714285715	0.231706309701222	0.487412404584493
"Huttwil_random_7_18"	1	0	0	1	0	0	0	1	1	1	0	0	0	1	1	0	1	1	0	0	1	0	0	0	1	0	0	0	1	1	3.008843	0.957273461538462	0.364227793611874	0.593045667926588
"Huttwil_random_8_12"	1	1	0	1	1	1	0	1	1	1	1	1	0	0	1	0	1	1	0	1	1	0	0	0	0	1	1	0	1	1	2.338072	0.371575263157895	-0.12335754474453	0.494932807902425
"Huttwil_random_8_13"	1	1	0	1	1	0	0	1	1	1	1	1	0	0	1	0	1	1	0	1	1	0	0	0	0	1	1	0	1	1	2.273079	0.335153888888889	-0.107225843661741	0.44237973255063
"Huttwil_random_8_14"	1	1	0	1	1	0	0	1	1	1	1	1	0	0	1	0	1	1	0	1	1	0	0	0	0	0	1	0	1	1	2.301997	0.292062647058823	-0.14116556399695	0.433228211055773
"Huttwil_random_8_15"	1	1	0	1	1	0	0	1	1	1	0	1	0	0	1	0	1	1	0	1	1	0	0	0	0	0	1	0	1	1	2.151134	0.2331158125	-0.131423462995976	0.364539275495976
"Huttwil_random_8_16"	1	1	0	1	1	0	0	1	0	1	0	1	0	0	1	0	1	1	0	1	1	0	0	0	0	0	1	0	1	1	1.980062	0.0554205333333335	-0.358508502302762	0.413929035636095
"Huttwil_random_8_17"	1	1	0	1	1	0	0	1	0	1	0	1	0	0	1	0	1	0	0	1	1	0	0	0	0	0	1	0	1	1	2.016118	0.139367642857143	-0.291313240485393	0.430680883342536
"Huttwil_random_8_18"	1	1	0	0	1	0	0	1	0	1	0	1	0	0	1	0	1	0	0	1	1	0	0	0	0	0	1	0	1	1	1.999499	0.0403739999999998	-0.27554977466468	0.31592377466468
"Huttwil_random_9_12"	1	1	0	0	0	1	1	1	0	0	1	0	1	1	1	1	1	0	0	0	1	1	1	1	1	1	1	0	1	0	2.901887	1.03904715789474	0.508732086692109	0.530315071202628
"Huttwil_random_9_13"	1	1	0	0	0	1	1	1	0	0	1	0	1	0	1	1	1	0	0	0	1	1	1	1	1	1	1	0	1	0	3.001802	1.08954172222222	0.478031007256391	0.611510714965831
"Huttwil_random_9_14"	1	1	0	0	0	1	1	1	0	0	1	0	1	0	1	1	1	0	0	0	1	1	1	1	1	1	0	0	1	0	3.55906	1.60606829411765	1.00552195600634	0.600546338111309
"Huttwil_random_9_15"	1	1	0	0	0	1	1	1	0	0	1	0	1	0	1	1	1	0	0	0	1	1	1	0	1	1	0	0	1	0	3.564942	1.5206900625	0.908754286856594	0.611935775643406
"Huttwil_random_9_16"	1	1	0	0	0	1	1	1	0	0	1	0	1	0	1	1	1	0	0	0	1	1	1	0	1	0	0	0	1	0	3.554345	1.42139413333333	0.78999582190543	0.631398311427904
"Huttwil_random_9_17"	1	1	0	0	0	1	1	1	0	0	1	0	1	0	1	1	1	0	0	0	1	1	1	0	0	0	0	0	1	0	2.932023	0.864130214285714	0.502969056008023	0.361161158277691
"Huttwil_random_9_18"	1	1	0	0	0	1	1	1	0	0	1	0	1	0	1	1	1	0	0	0	1	1	0	0	0	0	0	0	1	0	3.065037	0.841341	0.393267619723619	0.448073380276381
"Huttwil_random_10_12"	1	1	0	1	1	1	0	0	0	0	1	0	1	1	1	1	1	1	0	1	1	0	1	1	1	1	0	0	0	1	3.440457	1.75353521052632	0.988195856950322	0.765339353575994
"Huttwil_random_10_13"	1	1	0	1	1	1	0	0	0	0	1	0	1	1	0	1	1	1	0	1	1	0	1	1	1	1	0	0	0	1	3.378507	1.76627472222222	1.03781436899067	0.728460353231549
"Huttwil_random_10_14"	1	1	0	1	1	1	0	0	0	0	1	0	1	1	0	1	0	1	0	1	1	0	1	1	1	1	0	0	0	1	3.455406	1.79364305882353	0.991604150896009	0.802038907927521
"Huttwil_random_10_15"	1	1	0	1	1	1	0	0	0	0	1	0	1	1	0	1	0	1	0	1	1	0	1	0	1	1	0	0	0	1	3.366857	1.632035625	0.840908671504392	0.791126953495608
"Huttwil_random_10_16"	1	1	0	1	1	1	0	0	0	0	1	0	1	1	0	1	0	1	0	1	0	0	1	0	1	1	0	0	0	1	3.309413	1.76182913333333	1.02821445518126	0.733614678152074
"Huttwil_random_10_17"	1	1	0	1	1	1	0	0	0	0	1	0	1	1	0	0	0	1	0	1	0	0	1	0	1	1	0	0	0	1	3.283224	1.75539742857143	1.08034954310465	0.67504788546678
"Huttwil_random_10_18"	1	1	0	0	1	1	0	0	0	0	1	0	1	1	0	0	0	1	0	1	0	0	1	0	1	1	0	0	0	1	3.272137	1.68877607692308	1.13080769025541	0.557968386667666
"Huttwil_random_11_12"	1	1	0	0	0	0	1	0	0	1	0	1	1	0	1	1	1	1	0	1	0	1	1	1	1	1	1	1	1	0	2.856884	1.15473136842105	0.629698965987585	0.525032402433467
"Huttwil_random_11_13"	1	1	0	0	0	0	1	0	0	1	0	1	0	0	1	1	1	1	0	1	0	1	1	1	1	1	1	1	1	0	2.78216	1.06460327777778	0.598783882591958	0.46581939518582
"Huttwil_random_11_14"	1	1	0	0	0	0	1	0	0	1	0	1	0	0	1	1	1	1	0	1	0	1	0	1	1	1	1	1	1	0	2.768111	0.952018647058823	0.461927792798405	0.490090854260419
"Huttwil_random_11_15"	1	1	0	0	0	0	1	0	0	1	0	1	0	0	1	1	1	1	0	0	0	1	0	1	1	1	1	1	1	0	2.80583	0.939995625	0.43781828031779	0.50217734468221
"Huttwil_random_11_16"	1	1	0	0	0	0	1	0	0	1	0	0	0	0	1	1	1	1	0	0	0	1	0	1	1	1	1	1	1	0	2.795902	1.0335996	0.577203722950837	0.456395877049164
"Huttwil_random_11_17"	1	1	0	0	0	0	1	0	0	1	0	0	0	0	1	1	1	1	0	0	0	1	0	1	1	1	1	1	0	0	2.639918	0.998413	0.560739259098929	0.437673740901071
"Huttwil_random_11_18"	1	1	0	0	0	0	1	0	0	1	0	0	0	0	1	0	1	1	0	0	0	1	0	1	1	1	1	1	0	0	2.647225	1.01977238461538	0.555284303746254	0.464488080869131
"Huttwil_random_12_12"	1	0	1	0	1	1	1	0	0	1	1	1	1	1	1	1	0	1	1	0	0	0	1	0	1	0	1	1	1	0	2.872845	0.985693210526316	0.362600034327777	0.623093176198538
"Huttwil_random_12_13"	1	0	1	0	1	1	1	0	0	1	1	1	1	1	1	1	0	1	1	0	0	0	1	0	1	0	0	1	1	0	3.339708	1.41548255555556	0.72805104263044	0.687431512925116
"Huttwil_random_12_14"	1	0	0	0	1	1	1	0	0	1	1	1	1	1	1	1	0	1	1	0	0	0	1	0	1	0	0	1	1	0	3.332966	1.34652888235294	0.622339271312708	0.724189611040233
"Huttwil_random_12_15"	1	0	0	0	1	1	1	0	0	1	1	1	1	1	1	1	0	1	1	0	0	0	1	0	0	0	0	1	1	0	2.2077	0.2873458125	-0.30938710858476	0.59673292108476
"Huttwil_random_12_16"	1	0	0	0	1	1	1	0	0	1	1	1	1	0	1	1	0	1	1	0	0	0	1	0	0	0	0	1	1	0	2.654424	0.670931	0.0202280097458606	0.65070299025414
"Huttwil_random_12_17"	1	0	0	0	1	1	1	0	0	1	1	1	1	0	1	1	0	1	1	0	0	0	0	0	0	0	0	1	1	0	2.661935	0.539796142857143	-0.138510689829159	0.678306832686302
"Huttwil_random_12_18"	1	0	0	0	1	1	1	0	0	1	1	1	1	0	1	0	0	1	1	0	0	0	0	0	0	0	0	1	1	0	2.652523	0.507464692307692	-0.193508809054445	0.700973501362137
"Huttwil_random_13_12"	1	1	1	0	1	1	0	0	0	1	0	1	1	1	0	1	0	1	1	1	0	0	1	1	0	0	1	1	1	1	1.856565	0.333095631578948	-0.00752129282754662	0.340616924406494
"Huttwil_random_13_13"	1	1	1	0	1	1	0	0	0	1	0	1	1	1	0	1	0	1	1	1	0	0	0	1	0	0	1	1	1	1	1.777886	0.172137833333333	-0.115731442575674	0.287869275909007
"Huttwil_random_13_14"	1	1	1	0	1	1	0	0	0	1	0	1	1	1	0	1	0	1	1	1	0	0	0	1	0	0	1	1	0	1	1.586297	0.0892381176470589	-0.176242070765691	0.26548018841275
"Huttwil_random_13_15"	1	1	1	0	1	1	0	0	0	1	0	1	1	1	0	1	0	1	1	1	0	0	0	1	0	0	1	0	0	1	1.485442	-0.0103111875	-0.213724172008491	0.20341298450849
"Huttwil_random_13_16"	1	1	1	0	1	1	0	0	0	1	0	1	1	1	0	0	0	1	1	1	0	0	0	1	0	0	1	0	0	1	1.520184	0.0463263333333333	-0.183760710305382	0.230087043638715
"Huttwil_random_13_17"	1	1	1	0	1	1	0	0	0	0	0	1	1	1	0	0	0	1	1	1	0	0	0	1	0	0	1	0	0	1	1.470971	0.00167371428571434	-0.174709571234629	0.176383285520343
"Huttwil_random_13_18"	1	1	1	0	1	1	0	0	0	0	0	1	1	1	0	0	0	1	1	1	0	0	0	1	0	0	1	0	0	0	1.366196	-0.0296800000000001	-0.182903151359793	0.153223151359793
"Huttwil_random_14_12"	0	1	1	1	1	1	1	1	1	1	1	1	1	1	0	0	0	1	0	1	1	1	1	0	0	0	1	0	0	0	2.115033	0.272464789473684	-0.161297749193706	0.43376253866739
"Huttwil_random_14_13"	0	1	1	1	0	1	1	1	1	1	1	1	1	1	0	0	0	1	0	1	1	1	1	0	0	0	1	0	0	0	2.142496	0.247027888888889	-0.209478927739565	0.456506816628454
"Huttwil_random_14_14"	0	1	1	1	0	1	1	1	1	1	1	1	1	1	0	0	0	0	0	1	1	1	1	0	0	0	1	0	0	0	2.155109	0.300796705882353	-0.140255670579361	0.441052376461714
"Huttwil_random_14_15"	0	1	1	1	0	1	1	1	1	1	1	1	1	1	0	0	0	0	0	0	1	1	1	0	0	0	1	0	0	0	2.099415	0.1929719375	-0.2930802020345	0.4860521395345
"Huttwil_random_14_16"	0	1	1	1	0	1	0	1	1	1	1	1	1	1	0	0	0	0	0	0	1	1	1	0	0	0	1	0	0	0	2.157447	0.309027133333333	-0.128718645166764	0.437745778500098
"Huttwil_random_14_17"	0	1	1	1	0	1	0	1	1	1	1	0	1	1	0	0	0	0	0	0	1	1	1	0	0	0	1	0	0	0	2.152453	0.416204142857143	0.0197168286114087	0.396487314245734
"Huttwil_random_14_18"	0	0	1	1	0	1	0	1	1	1	1	0	1	1	0	0	0	0	0	0	1	1	1	0	0	0	1	0	0	0	2.158453	0.402930615384615	-0.00955197233901008	0.412482587723625
"Huttwil_random_15_12"	1	1	1	1	1	1	1	1	0	0	0	1	1	0	1	1	1	1	1	0	0	1	1	0	0	1	0	0	0	1	2.362737	0.759770842105263	0.132906680834379	0.626864161270885
"Huttwil_random_15_13"	0	1	1	1	1	1	1	1	0	0	0	1	1	0	1	1	1	1	1	0	0	1	1	0	0	1	0	0	0	1	2.29671	0.605190444444445	-0.023295599156466	0.628486043600911
"Huttwil_random_15_14"	0	1	1	1	1	1	1	1	0	0	0	1	1	0	1	1	0	1	1	0	0	1	1	0	0	1	0	0	0	1	2.38947	0.643755823529412	-0.127822499668394	0.771578323197806
"Huttwil_random_15_15"	0	1	1	1	1	1	1	1	0	0	0	1	0	0	1	1	0	1	1	0	0	1	1	0	0	1	0	0	0	1	2.488583	0.722816625	-0.0354908971860876	0.758307522186087
"Huttwil_random_15_16"	0	1	1	1	1	1	0	1	0	0	0	1	0	0	1	1	0	1	1	0	0	1	1	0	0	1	0	0	0	1	2.361319	0.662954266666667	0.0452057914103306	0.617748475256336
"Huttwil_random_15_17"	0	1	1	1	1	1	0	1	0	0	0	1	0	0	1	1	0	1	1	0	0	1	0	0	0	1	0	0	0	1	2.471937	0.655292714285715	-0.136307196191736	0.79159991047745
"Huttwil_random_15_18"	0	1	0	1	1	1	0	1	0	0	0	1	0	0	1	1	0	1	1	0	0	1	0	0	0	1	0	0	0	1	2.438897	0.549174461538461	-0.0620337694025192	0.611208230940981
"Huttwil_random_16_12"	0	1	0	1	1	0	1	1	0	1	0	1	1	0	1	0	0	0	1	1	1	1	1	0	1	0	1	1	1	1	2.913446	0.938026526315789	0.225031979043597	0.712994547272193
"Huttwil_random_16_13"	0	1	0	1	1	0	1	1	0	1	0	0	1	0	1	0	0	0	1	1	1	1	1	0	1	0	1	1	1	1	2.897563	1.00233211111111	0.283376761324286	0.718955349786825
"Huttwil_random_16_14"	0	1	0	1	1	0	1	1	0	1	0	0	0	0	1	0	0	0	1	1	1	1	1	0	1	0	1	1	1	1	2.918073	0.995174352941176	0.310946510873111	0.684227842068065
"Huttwil_random_16_15"	0	1	0	1	1	0	1	1	0	1	0	0	0	0	1	0	0	0	1	1	1	1	1	0	1	0	1	1	0	1	2.81613	0.9888918125	0.345979641234139	0.642912171265861
"Huttwil_random_16_16"	0	1	0	1	1	0	1	1	0	1	0	0	0	0	1	0	0	0	0	1	1	1	1	0	1	0	1	1	0	1	2.88875	1.02429266666667	0.340696164072902	0.683596502593765
"Huttwil_random_16_17"	0	1	0	1	0	0	1	1	0	1	0	0	0	0	1	0	0	0	0	1	1	1	1	0	1	0	1	1	0	1	2.805252	0.871217	0.271863421239466	0.599353578760535
"Huttwil_random_16_18"	0	1	0	1	0	0	1	1	0	1	0	0	0	0	1	0	0	0	0	1	1	1	0	0	1	0	1	1	0	1	2.866877	0.787335538461538	0.0968910326899382	0.6904445057716
"Huttwil_random_17_12"	1	0	1	1	1	1	0	0	1	1	1	1	0	0	0	0	1	0	0	0	1	1	1	1	0	1	1	1	1	1	2.291317	0.583474894736842	0.232671389894936	0.350803504841906
"Huttwil_random_17_13"	1	0	1	0	1	1	0	0	1	1	1	1	0	0	0	0	1	0	0	0	1	1	1	1	0	1	1	1	1	1	2.294339	0.536387888888889	0.233811521365954	0.302576367522935
"Huttwil_random_17_14"	1	0	1	0	1	1	0	0	1	1	1	1	0	0	0	0	1	0	0	0	1	1	1	1	0	1	0	1	1	1	2.475254	0.685648470588235	0.393971267062343	0.291677203525892
"Huttwil_random_17_15"	1	0	1	0	1	1	0	0	1	1	1	1	0	0	0	0	1	0	0	0	1	1	1	1	0	1	0	1	1	0	2.339875	0.589905	0.399984239293755	0.189920760706245
"Huttwil_random_17_16"	1	0	1	0	1	1	0	0	1	1	1	1	0	0	0	0	1	0	0	0	1	0	1	1	0	1	0	1	1	0	2.350342	0.614567	0.402204927362306	0.212362072637695
"Huttwil_random_17_17"	1	0	1	0	1	1	0	0	1	1	1	1	0	0	0	0	1	0	0	0	1	0	0	1	0	1	0	1	1	0	2.355569	0.498842285714286	0.2680541190613	0.230788166652986
"Huttwil_random_17_18"	1	0	1	0	1	1	0	0	1	1	0	1	0	0	0	0	1	0	0	0	1	0	0	1	0	1	0	1	1	0	2.125955	0.394141076923077	0.262794531731877	0.1313465451912
"Huttwil_random_18_12"	0	0	1	1	1	0	1	1	0	1	1	0	1	1	1	1	1	0	0	0	0	1	1	1	1	1	1	0	1	0	2.841199	1.21090063157895	0.661417834711187	0.54948279686776
"Huttwil_random_18_13"	0	0	1	1	1	0	1	1	0	1	1	0	0	1	1	1	1	0	0	0	0	1	1	1	1	1	1	0	1	0	2.954101	1.31239044444444	0.745346143748883	0.567044300695562
"Huttwil_random_18_14"	0	0	1	1	1	0	1	1	0	1	1	0	0	1	1	1	0	0	0	0	0	1	1	1	1	1	1	0	1	0	2.899453	1.20647776470588	0.696391455619322	0.51008630908656
"Huttwil_random_18_15"	0	0	1	1	1	0	1	1	0	0	1	0	0	1	1	1	0	0	0	0	0	1	1	1	1	1	1	0	1	0	2.894381	1.19170125	0.648371647425939	0.543329602574061
"Huttwil_random_18_16"	0	0	1	1	1	0	1	1	0	0	1	0	0	1	1	1	0	0	0	0	0	1	1	1	1	1	0	0	1	0	3.371586	1.636716	1.04811296552389	0.588603034476111
"Huttwil_random_18_17"	0	0	1	1	1	0	1	1	0	0	1	0	0	1	1	1	0	0	0	0	0	1	1	1	0	1	0	0	1	0	2.443071	0.801693428571429	0.327342868224096	0.474350560347333
"Huttwil_random_18_18"	0	0	1	1	1	0	1	1	0	0	1	0	0	1	1	1	0	0	0	0	0	1	1	1	0	0	0	0	1	0	2.390139	0.677406846153846	0.251643516238205	0.425763329915641
"Huttwil_random_19_12"	1	1	1	1	0	0	0	1	1	0	1	1	1	1	1	1	1	1	0	0	1	1	1	1	1	0	0	0	0	0	3.056824	1.25395942105263	0.651723866442626	0.602235554610006
"Huttwil_random_19_13"	1	1	1	1	0	0	0	1	1	0	0	1	1	1	1	1	1	1	0	0	1	1	1	1	1	0	0	0	0	0	2.821137	1.11147955555556	0.638036970560464	0.473442584995092
"Huttwil_random_19_14"	1	1	1	1	0	0	0	1	1	0	0	1	1	0	1	1	1	1	0	0	1	1	1	1	1	0	0	0	0	0	2.781427	1.02845276470588	0.586226148651798	0.442226616054084
"Huttwil_random_19_15"	1	1	1	1	0	0	0	1	1	0	0	1	1	0	1	1	1	0	0	0	1	1	1	1	1	0	0	0	0	0	2.815953	1.1156126875	0.640399014918738	0.475213672581262
"Huttwil_random_19_16"	1	1	1	1	0	0	0	1	1	0	0	1	0	0	1	1	1	0	0	0	1	1	1	1	1	0	0	0	0	0	2.738936	1.0202316	0.653080387067294	0.367151212932706
"Huttwil_random_19_17"	1	1	1	1	0	0	0	1	1	0	0	1	0	0	1	0	1	0	0	0	1	1	1	1	1	0	0	0	0	0	2.835825	1.124655	0.695830235216484	0.428824764783516
"Huttwil_random_19_18"	1	1	1	1	0	0	0	1	1	0	0	1	0	0	1	0	1	0	0	0	0	1	1	1	1	0	0	0	0	0	2.674877	1.18156961538462	0.859058531077801	0.322511084306814
"Huttwil_random_20_12"	1	1	1	1	1	0	1	1	0	1	1	1	0	1	1	0	0	1	1	0	0	0	1	0	1	0	1	1	1	0	2.778626	0.984813789473684	0.409491301007055	0.575322488466629
"Huttwil_random_20_13"	1	1	1	1	1	0	1	1	0	1	0	1	0	1	1	0	0	1	1	0	0	0	1	0	1	0	1	1	1	0	2.752446	1.05234383333333	0.466542224919193	0.585801608414141
"Huttwil_random_20_14"	1	1	1	0	1	0	1	1	0	1	0	1	0	1	1	0	0	1	1	0	0	0	1	0	1	0	1	1	1	0	2.616261	0.863557529411765	0.432634144232237	0.430923385179527
"Huttwil_random_20_15"	0	1	1	0	1	0	1	1	0	1	0	1	0	1	1	0	0	1	1	0	0	0	1	0	1	0	1	1	1	0	2.726067	0.864382375	0.337476087848357	0.526906287151642
"Huttwil_random_20_16"	0	1	1	0	0	0	1	1	0	1	0	1	0	1	1	0	0	1	1	0	0	0	1	0	1	0	1	1	1	0	2.721018	0.794579066666667	0.246092513112426	0.548486553554241
"Huttwil_random_20_17"	0	1	0	0	0	0	1	1	0	1	0	1	0	1	1	0	0	1	1	0	0	0	1	0	1	0	1	1	1	0	2.689239	0.687099214285714	0.157624215776195	0.529474998509519
"Huttwil_random_20_18"	0	0	0	0	0	0	1	1	0	1	0	1	0	1	1	0	0	1	1	0	0	0	1	0	1	0	1	1	1	0	2.74689	0.705023538461538	0.0925548546721914	0.612468683789347
"Huttwil_random_21_12"	1	0	1	1	0	1	0	0	0	1	0	1	1	1	1	0	1	1	1	1	0	0	1	1	0	0	1	1	1	1	1.906808	0.361908368421053	-0.0733861456024487	0.435294514023501
"Huttwil_random_21_13"	1	0	1	1	0	1	0	0	0	1	0	1	1	1	1	0	1	0	1	1	0	0	1	1	0	0	1	1	1	1	1.937508	0.450953777777778	-0.0105459995101664	0.461499777287944
"Huttwil_random_21_14"	1	0	1	1	0	0	0	0	0	1	0	1	1	1	1	0	1	0	1	1	0	0	1	1	0	0	1	1	1	1	1.926088	0.498018	0.0634571846344731	0.434560815365527
"Huttwil_random_21_15"	1	0	1	1	0	0	0	0	0	1	0	1	1	1	0	0	1	0	1	1	0	0	1	1	0	0	1	1	1	1	1.862878	0.5350119375	0.133922933014713	0.401089004485287
"Huttwil_random_21_16"	1	0	1	1	0	0	0	0	0	1	0	1	0	1	0	0	1	0	1	1	0	0	1	1	0	0	1	1	1	1	1.738594	0.417195466666667	0.139703274758392	0.277492191908274
"Huttwil_random_21_17"	1	0	1	0	0	0	0	0	0	1	0	1	0	1	0	0	1	0	1	1	0	0	1	1	0	0	1	1	1	1	1.727259	0.369037714285714	0.159989018725499	0.209048695560216
"Huttwil_random_21_18"	1	0	1	0	0	0	0	0	0	1	0	1	0	0	0	0	1	0	1	1	0	0	1	1	0	0	1	1	1	1	1.76282	0.374987230769231	0.182669107336854	0.192318123432377
"Huttwil_random_22_12"	1	1	1	1	1	1	0	1	1	1	0	1	0	1	1	1	1	1	1	0	1	0	1	0	0	0	1	0	0	0	2.003098	0.358513578947368	0.0418310594421514	0.316682519505217
"Huttwil_random_22_13"	1	1	1	1	1	1	0	1	1	1	0	0	0	1	1	1	1	1	1	0	1	0	1	0	0	0	1	0	0	0	2.006034	0.460017888888889	0.153076674494947	0.306941214393942
"Huttwil_random_22_14"	1	1	1	1	1	1	0	1	1	1	0	0	0	1	1	1	1	1	0	0	1	0	1	0	0	0	1	0	0	0	1.980477	0.418162941176471	0.164605368398117	0.253557572778353
"Huttwil_random_22_15"	1	1	1	1	1	1	0	0	1	1	0	0	0	1	1	1	1	1	0	0	1	0	1	0	0	0	1	0	0	0	2.030555	0.4746479375	0.154104786870469	0.320543150629531
"Huttwil_random_22_16"	1	1	0	1	1	1	0	0	1	1	0	0	0	1	1	1	1	1	0	0	1	0	1	0	0	0	1	0	0	0	1.986224	0.384364933333333	0.067668965213012	0.316695968120321
"Huttwil_random_22_17"	1	1	0	1	1	0	0	0	1	1	0	0	0	1	1	1	1	1	0	0	1	0	1	0	0	0	1	0	0	0	1.988147	0.449068428571429	0.16239457600807	0.286673852563359
"Huttwil_random_22_18"	1	1	0	1	1	0	0	0	1	0	0	0	0	1	1	1	1	1	0	0	1	0	1	0	0	0	1	0	0	0	1.987223	0.448038615384615	0.178925967276997	0.269112648107618
"Huttwil_random_23_12"	1	1	0	1	1	1	1	0	1	1	0	1	0	1	0	0	1	0	1	1	1	0	1	1	0	1	1	0	0	1	2.036118	0.525991894736842	0.190705964485688	0.335285930251154
"Huttwil_random_23_13"	1	1	0	1	1	1	0	0	1	1	0	1	0	1	0	0	1	0	1	1	1	0	1	1	0	1	1	0	0	1	2.020738	0.580982166666667	0.295976724006349	0.285005442660318
"Huttwil_random_23_14"	1	1	0	1	1	1	0	0	1	1	0	1	0	1	0	0	1	0	1	1	1	0	1	1	0	0	1	0	0	1	2.064196	0.581735	0.236909871643294	0.344825128356706
"Huttwil_random_23_15"	1	1	0	1	1	1	0	0	1	0	0	1	0	1	0	0	1	0	1	1	1	0	1	1	0	0	1	0	0	1	2.006056	0.527047625	0.220338308472926	0.306709316527074
"Huttwil_random_23_16"	1	1	0	1	1	1	0	0	1	0	0	1	0	1	0	0	0	0	1	1	1	0	1	1	0	0	1	0	0	1	2.04037	0.514108466666667	0.198335688148752	0.315772778517915
"Huttwil_random_23_17"	1	1	0	1	1	1	0	0	0	0	0	1	0	1	0	0	0	0	1	1	1	0	1	1	0	0	1	0	0	1	1.599287	0.0939117142857144	-0.236739124908488	0.330650839194203
"Huttwil_random_23_18"	1	1	0	1	1	1	0	0	0	0	0	1	0	1	0	0	0	0	1	1	1	0	1	0	0	0	1	0	0	1	1.60061	0.0173464615384614	-0.348735201108183	0.366081662646644
"Huttwil_random_24_12"	0	1	0	1	1	1	1	0	1	0	0	1	1	0	1	0	0	1	0	1	1	1	1	1	0	1	1	1	1	0	2.144296	0.265605473684211	-0.131044489585604	0.396649963269815
"Huttwil_random_24_13"	0	1	0	1	1	1	1	0	1	0	0	1	1	0	1	0	0	1	0	1	1	1	1	1	0	0	1	1	1	0	2.155178	0.211769555555556	-0.248146545582403	0.459916101137958
"Huttwil_random_24_14"	0	1	0	1	1	1	1	0	1	0	0	1	1	0	1	0	0	1	0	0	1	1	1	1	0	0	1	1	1	0	2.14982	0.152106352941176	-0.277567464169115	0.429673817110292
"Huttwil_random_24_15"	0	1	0	1	1	1	1	0	1	0	0	0	1	0	1	0	0	1	0	0	1	1	1	1	0	0	1	1	1	0	2.156117	0.247222125	-0.153200052572374	0.400422177572373
"Huttwil_random_24_16"	0	1	0	1	1	1	1	0	1	0	0	0	1	0	1	0	0	0	0	0	1	1	1	1	0	0	1	1	1	0	2.120472	0.257325266666667	-0.0966499238105271	0.353975190477194
"Huttwil_random_24_17"	0	1	0	1	1	1	0	0	1	0	0	0	1	0	1	0	0	0	0	0	1	1	1	1	0	0	1	1	1	0	2.127741	0.329854571428572	-0.0180915787568366	0.347946150185408
"Huttwil_random_24_18"	0	1	0	1	1	1	0	0	0	0	0	0	1	0	1	0	0	0	0	0	1	1	1	1	0	0	1	1	1	0	2.004859	0.208571230769231	-0.198671823379842	0.407243054149072
"Huttwil_random_25_12"	0	0	0	1	0	0	1	1	1	0	1	1	1	1	1	1	1	0	1	1	0	1	1	0	1	0	0	1	1	1	2.96687	1.03408447368421	0.44128137396382	0.592803099720391
"Huttwil_random_25_13"	0	0	0	1	0	0	1	1	1	0	0	1	1	1	1	1	1	0	1	1	0	1	1	0	1	0	0	1	1	1	2.805464	0.958667777777778	0.418945287165981	0.539722490611797
"Huttwil_random_25_14"	0	0	0	1	0	0	1	1	1	0	0	1	1	1	1	1	1	0	1	1	0	1	1	0	0	0	0	1	1	1	2.211725	0.435338647058824	0.0299156009702156	0.405423046088608
"Huttwil_random_25_15"	0	0	0	1	0	0	1	1	1	0	0	1	1	1	0	1	1	0	1	1	0	1	1	0	0	0	0	1	1	1	2.084502	0.3865498125	0.0776120772606026	0.308937735239398
"Huttwil_random_25_16"	0	0	0	1	0	0	1	1	1	0	0	0	1	1	0	1	1	0	1	1	0	1	1	0	0	0	0	1	1	1	2.105588	0.522359933333333	0.210723684636049	0.311636248697284
"Huttwil_random_25_17"	0	0	0	1	0	0	1	1	0	0	0	0	1	1	0	1	1	0	1	1	0	1	1	0	0	0	0	1	1	1	2.323758	0.757347142857143	0.209092749986538	0.548254392870605
"Huttwil_random_25_18"	0	0	0	1	0	0	1	1	0	0	0	0	1	1	0	0	1	0	1	1	0	1	1	0	0	0	0	1	1	1	2.24739	0.700808	0.231423259888623	0.469384740111377
"Huttwil_random_26_12"	1	1	1	0	1	1	1	1	1	1	0	0	1	0	1	1	1	1	0	0	0	0	0	1	1	0	1	1	1	0	2.701778	0.969986947368421	0.548994978143852	0.420991969224569
"Huttwil_random_26_13"	1	0	1	0	1	1	1	1	1	1	0	0	1	0	1	1	1	1	0	0	0	0	0	1	1	0	1	1	1	0	2.66203	0.916566833333333	0.520050032517716	0.396516800815618
"Huttwil_random_26_14"	1	0	1	0	1	1	1	1	1	1	0	0	1	0	1	1	1	1	0	0	0	0	0	1	1	0	1	0	1	0	2.767628	1.00878170588235	0.55713115969511	0.451650546187243
"Huttwil_random_26_15"	1	0	1	0	1	1	1	1	1	1	0	0	0	0	1	1	1	1	0	0	0	0	0	1	1	0	1	0	1	0	2.691767	0.91204775	0.526906111579	0.385141638421
"Huttwil_random_26_16"	1	0	1	0	1	1	0	1	1	1	0	0	0	0	1	1	1	1	0	0	0	0	0	1	1	0	1	0	1	0	2.626088	0.9128402	0.598426724330249	0.314413475669751
"Huttwil_random_26_17"	1	0	1	0	1	1	0	1	1	1	0	0	0	0	1	1	1	1	0	0	0	0	0	1	1	0	1	0	0	0	2.614257	1.0253105	0.700885236125264	0.324425263874736
"Huttwil_random_26_18"	1	0	0	0	1	1	0	1	1	1	0	0	0	0	1	1	1	1	0	0	0	0	0	1	1	0	1	0	0	0	2.658998	1.01448846153846	0.669333484331783	0.345154977206679
"Huttwil_random_27_12"	0	0	1	0	0	0	1	1	0	0	1	1	0	1	0	1	1	1	0	1	0	1	1	1	1	1	1	1	1	1	2.990008	1.18677752631579	0.590303095384902	0.596474430930888
"Huttwil_random_27_13"	0	0	1	0	0	0	1	1	0	0	1	1	0	1	0	1	1	1	0	1	0	1	0	1	1	1	1	1	1	1	3.002243	1.10119144444444	0.520145006331816	0.581046438112628
"Huttwil_random_27_14"	0	0	1	0	0	0	1	1	0	0	1	1	0	1	0	1	1	1	0	1	0	1	0	1	1	1	1	0	1	1	2.863448	0.93986105882353	0.414198440053535	0.525662618769995
"Huttwil_random_27_15"	0	0	1	0	0	0	1	1	0	0	0	1	0	1	0	1	1	1	0	1	0	1	0	1	1	1	1	0	1	1	2.755747	0.9294729375	0.437394505613946	0.492078431886054
"Huttwil_random_27_16"	0	0	1	0	0	0	1	1	0	0	0	1	0	1	0	1	1	1	0	1	0	1	0	1	1	1	1	0	1	0	2.639455	0.853014266666667	0.39822656690935	0.454787699757317
"Huttwil_random_27_17"	0	0	1	0	0	0	1	1	0	0	0	0	0	1	0	1	1	1	0	1	0	1	0	1	1	1	1	0	1	0	2.668458	0.998615357142857	0.582472512543532	0.416142844599326
"Huttwil_random_27_18"	0	0	1	0	0	0	0	1	0	0	0	0	0	1	0	1	1	1	0	1	0	1	0	1	1	1	1	0	1	0	2.67954	1.09484723076923	0.683506472876359	0.411340757892872
"Huttwil_random_28_12"	0	1	1	0	1	1	0	0	0	1	0	1	0	0	1	0	1	1	1	1	1	1	1	1	1	1	1	1	0	0	2.695852	0.964131421052632	0.438300921428173	0.525830499624459
"Huttwil_random_28_13"	0	1	1	0	1	1	0	0	0	1	0	1	0	0	1	0	1	1	1	1	1	0	1	1	1	1	1	1	0	0	2.637668	0.918790444444445	0.403323623732851	0.515466820711594
"Huttwil_random_28_14"	0	1	1	0	1	1	0	0	0	1	0	0	0	0	1	0	1	1	1	1	1	0	1	1	1	1	1	1	0	0	2.645901	1.02701970588235	0.560188247365087	0.466831458517266
"Huttwil_random_28_15"	0	1	1	0	1	1	0	0	0	1	0	0	0	0	1	0	1	1	1	0	1	0	1	1	1	1	1	1	0	0	2.615993	0.959695375	0.506722597345841	0.452972777654159
"Huttwil_random_28_16"	0	1	1	0	1	1	0	0	0	1	0	0	0	0	1	0	1	1	0	0	1	0	1	1	1	1	1	1	0	0	2.599882	0.917761266666667	0.485296852665763	0.432464414000904
"Huttwil_random_28_17"	0	0	1	0	1	1	0	0	0	1	0	0	0	0	1	0	1	1	0	0	1	0	1	1	1	1	1	1	0	0	2.611037	0.914885714285715	0.482928272986098	0.431957441299616
"Huttwil_random_28_18"	0	0	1	0	1	1	0	0	0	0	0	0	0	0	1	0	1	1	0	0	1	0	1	1	1	1	1	1	0	0	2.555561	0.847221384615384	0.428264380543062	0.418957004072322
"Huttwil_random_29_12"	1	0	0	1	1	1	1	0	0	1	0	1	0	1	1	0	1	1	0	0	0	1	1	1	1	1	0	1	1	1	3.303032	1.56933842105263	0.905814226397832	0.6635241946548
"Huttwil_random_29_13"	1	0	0	1	1	1	1	0	0	1	0	1	0	1	1	0	1	1	0	0	0	1	1	1	1	0	0	1	1	1	3.291926	1.50156988888889	0.801787818823188	0.6997820700657
"Huttwil_random_29_14"	1	0	0	1	1	1	1	0	0	0	0	1	0	1	1	0	1	1	0	0	0	1	1	1	1	0	0	1	1	1	3.355741	1.55052294117647	0.842035450673853	0.708487490502617
"Huttwil_random_29_15"	1	0	0	1	1	1	1	0	0	0	0	1	0	1	0	0	1	1	0	0	0	1	1	1	1	0	0	1	1	1	3.246839	1.518253125	0.848747799683892	0.669505325316108
"Huttwil_random_29_16"	1	0	0	1	1	1	1	0	0	0	0	1	0	1	0	0	1	1	0	0	0	0	1	1	1	0	0	1	1	1	3.336751	1.62378573333333	0.935959541638508	0.687826191694825
"Huttwil_random_29_17"	0	0	0	1	1	1	1	0	0	0	0	1	0	1	0	0	1	1	0	0	0	0	1	1	1	0	0	1	1	1	3.281469	1.44679228571429	0.700908627569708	0.745883658144578
"Huttwil_random_29_18"	0	0	0	1	1	1	1	0	0	0	0	1	0	1	0	0	1	1	0	0	0	0	1	1	1	0	0	0	1	1	3.401999	1.54295869230769	0.798599624214786	0.744359068092907
"Huttwil_random_30_12"	1	1	1	1	0	0	1	0	0	0	1	0	0	1	0	1	1	1	1	1	1	0	1	1	1	0	1	1	1	0	2.857502	1.16328015789474	0.561602294859322	0.601677863035415
"Huttwil_random_30_13"	1	1	1	1	0	0	1	0	0	0	1	0	0	1	0	1	0	1	1	1	1	0	1	1	1	0	1	1	1	0	2.82609	1.08053422222222	0.49961381675744	0.580920405464782
"Huttwil_random_30_14"	1	1	1	1	0	0	1	0	0	0	1	0	0	1	0	1	0	1	1	1	1	0	1	1	1	0	1	0	1	0	2.70991	0.950965647058824	0.408634463845428	0.542331183213396
"Huttwil_random_30_15"	1	1	1	1	0	0	1	0	0	0	1	0	0	0	0	1	0	1	1	1	1	0	1	1	1	0	1	0	1	0	2.85769	1.049641125	0.484613464321451	0.565027660678549
"Huttwil_random_30_16"	1	1	1	1	0	0	1	0	0	0	1	0	0	0	0	1	0	1	1	1	0	0	1	1	1	0	1	0	1	0	2.686224	1.0605308	0.61065558834608	0.44987521165392
"Huttwil_random_30_17"	1	1	1	1	0	0	0	0	0	0	1	0	0	0	0	1	0	1	1	1	0	0	1	1	1	0	1	0	1	0	2.771197	1.22772507142857	0.773823243693098	0.453901827735473
"Huttwil_random_30_18"	1	1	1	1	0	0	0	0	0	0	1	0	0	0	0	1	0	1	1	1	0	0	1	1	1	0	0	0	1	0	3.539722	1.97135423076923	1.37208864261528	0.599265588153947
