"assemblage"	"AVir"	"PMon"	"TBac"	"AAlb"	"PCem"	"LDec"	"BPen"	"QRob"	"PAbi"	"PSyl"	"PNig"	"AInc"	"UGla"	"TPla"	"AGlu"	"QPub"	"SAri"	"PTre"	"APla"	"TCor"	"SAlb"	"QPet"	"CAve"	"SAuc"	"FSyl"	"ACam"	"CSat"	"APse"	"FExc"	"CBet"	"productivity"	"DeltaY"	"Selection"	"Complementarity"
"Sion_increasing_12"	0	1	1	1	1	1	1	1	1	1	1	1	1	1	1	1	1	1	1	0	0	0	0	0	0	0	0	0	0	0	1.103254	1.03249327777778	-0.611436566005697	1.64392984378348
"Sion_increasing_13"	0	1	1	1	1	1	1	1	1	1	1	1	1	1	1	1	1	1	0	0	0	0	0	0	0	0	0	0	0	0	1.099615	1.02462429411765	-0.540688771250103	1.56531306536775
"Sion_increasing_14"	0	1	1	1	1	1	1	1	1	1	1	1	1	1	1	1	1	0	0	0	0	0	0	0	0	0	0	0	0	0	1.118689	1.041408875	-0.567753249257045	1.60916212425704
"Sion_increasing_15"	0	1	1	1	1	1	1	1	1	1	1	1	1	1	1	1	0	0	0	0	0	0	0	0	0	0	0	0	0	0	1.112817	1.03180186666667	-0.564651476551353	1.59645334321802
"Sion_increasing_16"	0	1	1	1	1	1	1	1	1	1	1	1	1	1	1	0	0	0	0	0	0	0	0	0	0	0	0	0	0	0	1.068233	0.999378571428571	-0.485835635948612	1.48521420737718
"Sion_increasing_17"	0	1	1	1	1	1	1	1	1	1	1	1	1	1	0	0	0	0	0	0	0	0	0	0	0	0	0	0	0	0	1.057042	0.982418	-0.409607388078894	1.39202538807889
"Sion_increasing_18"	0	1	1	1	1	1	1	1	1	1	1	1	1	0	0	0	0	0	0	0	0	0	0	0	0	0	0	0	0	0	1.058762	0.978314833333333	-0.416276733278202	1.39459156661154
"Sion_decreasing_12"	0	0	0	0	0	0	0	0	0	0	0	1	1	1	1	1	1	1	1	1	1	1	1	1	1	1	1	1	1	1	0.593821	0.558282684210526	-0.0363004667138487	0.594583150924375
"Sion_decreasing_13"	0	0	0	0	0	0	0	0	0	0	0	0	1	1	1	1	1	1	1	1	1	1	1	1	1	1	1	1	1	1	0.595293	0.558157111111111	-0.0376367537415527	0.595793864852664
"Sion_decreasing_14"	0	0	0	0	0	0	0	0	0	0	0	0	0	1	1	1	1	1	1	1	1	1	1	1	1	1	1	1	1	1	0.594402	0.555250823529412	-0.0291912368152068	0.584442060344619
"Sion_decreasing_15"	0	0	0	0	0	0	0	0	0	0	0	0	0	0	1	1	1	1	1	1	1	1	1	1	1	1	1	1	1	1	0.581274	0.539865	-0.0313980611081414	0.571263061108141
"Sion_decreasing_16"	0	0	0	0	0	0	0	0	0	0	0	0	0	0	0	1	1	1	1	1	1	1	1	1	1	1	1	1	1	1	0.585487	0.541653466666667	-0.0299450815857092	0.571598548252376
"Sion_decreasing_17"	0	0	0	0	0	0	0	0	0	0	0	0	0	0	0	0	1	1	1	1	1	1	1	1	1	1	1	1	1	1	0.339892	0.314059571428571	-0.00620138336618947	0.320260954794761
"Sion_decreasing_18"	0	0	0	0	0	0	0	0	0	0	0	0	0	0	0	0	0	1	1	1	1	1	1	1	1	1	1	1	1	1	0.317817	0.292084153846154	-0.00671081788222515	0.298794971728379
"Sion_random_1_12"	0	0	1	1	1	0	0	1	1	0	1	1	1	1	0	0	1	1	1	1	0	1	0	0	1	0	0	1	1	1	0.701743	0.6998175	-0.000690935885605239	0.700508435885605
"Sion_random_1_13"	0	0	1	1	0	0	0	1	1	0	1	1	1	1	0	0	1	1	1	1	0	1	0	0	1	0	0	1	1	1	0.675828	0.672414764705882	-0.0491306359380998	0.721545400643982
"Sion_random_1_14"	0	0	1	1	0	0	0	1	1	0	1	1	1	1	0	0	1	1	1	1	0	1	0	0	1	0	0	1	1	1	0.68949	0.646322176470588	-0.0255094615059004	0.671831637976489
"Sion_random_1_15"	0	0	0	1	0	0	0	1	1	0	1	1	1	1	0	0	1	1	1	1	0	1	0	0	1	0	0	1	1	1	0.677552	0.6317778125	-0.0147028410529485	0.646480653552948
"Sion_random_1_16"	0	0	0	1	0	0	0	1	1	0	1	1	1	1	0	0	1	1	1	1	0	1	0	0	0	0	0	1	1	1	0.693168	0.644476733333333	-0.0151296736508097	0.659606406984143
"Sion_random_1_17"	0	0	0	1	0	0	0	1	1	0	1	1	0	1	0	0	1	1	1	1	0	1	0	0	0	0	0	1	1	1	0.685928	0.633964214285714	-0.00827748413585488	0.642241698421569
"Sion_random_1_18"	0	0	0	1	0	0	0	1	1	0	1	1	0	0	0	0	1	1	1	1	0	1	0	0	0	0	0	1	1	1	0.694999	0.639270769230769	-0.0044354162185992	0.643706185449368
"Sion_random_2_12"	0	0	1	1	0	1	1	0	1	0	0	0	1	0	0	1	1	0	1	1	0	1	0	1	1	1	1	1	1	1	0.581116	0.576757166666667	-0.0568380932376508	0.633595259904317
"Sion_random_2_13"	0	0	1	1	0	1	1	0	1	0	0	0	1	0	0	1	1	0	1	1	0	1	0	0	1	1	1	1	1	1	0.560329	0.556755	-0.045829021565204	0.602584021565204
"Sion_random_2_14"	0	0	1	1	0	1	0	0	1	0	0	0	1	0	0	1	1	0	1	1	0	1	0	0	1	1	1	1	1	1	0.544525	0.540223625	-0.0324465358844933	0.572670160884493
"Sion_random_2_15"	0	0	1	1	0	1	0	0	1	0	0	0	1	0	0	1	0	0	1	1	0	1	0	0	1	1	1	1	1	1	0.537099	0.533824266666667	-0.0305529924440906	0.564377259110757
"Sion_random_2_16"	0	0	0	1	0	1	0	0	1	0	0	0	1	0	0	1	0	0	1	1	0	1	0	0	1	1	1	1	1	1	0.53155	0.527749714285714	-0.0253602565720469	0.553109970857761
"Sion_random_2_17"	0	0	0	1	0	1	0	0	1	0	0	0	1	0	0	1	0	0	1	1	0	1	0	0	1	1	1	1	1	1	0.525944	0.484175857142857	-0.0273258199300302	0.511501677072887
"Sion_random_2_18"	0	0	0	1	0	1	0	0	1	0	0	0	1	0	0	1	0	0	1	1	0	1	0	0	0	1	1	1	1	1	0.525055	0.480229153846154	-0.0243955043608675	0.504624658207021
"Sion_random_3_12"	0	1	0	1	1	1	0	0	0	0	1	1	1	1	0	1	0	1	0	0	1	1	1	1	1	1	0	1	1	1	0.913304	0.849630263157895	-0.0990103923906733	0.948640655548568
"Sion_random_3_13"	0	1	0	1	1	1	0	0	0	0	1	1	1	1	0	1	0	1	0	0	1	1	1	1	1	1	0	0	1	1	0.908758	0.841707	-0.0874911823907787	0.929198182390779
"Sion_random_3_14"	0	1	0	1	1	1	0	0	0	0	1	1	1	1	0	1	0	1	0	0	1	1	1	1	1	1	0	0	0	1	0.910027	0.839321705882353	-0.062657038274491	0.901978744156844
"Sion_random_3_15"	0	1	0	1	1	1	0	0	0	0	1	1	1	1	0	1	0	1	0	0	1	1	1	1	0	1	0	0	0	1	0.908105	0.83310675	-0.0913880137180003	0.924494763718
"Sion_random_3_16"	0	1	0	1	1	1	0	0	0	0	1	1	1	1	0	1	0	0	0	0	1	1	1	1	0	1	0	0	0	1	0.914032	0.8353196	-0.0227489173493287	0.858068517349329
"Sion_random_3_17"	0	1	0	1	1	1	0	0	0	0	1	1	1	1	0	1	0	0	0	0	1	0	1	1	0	1	0	0	0	1	0.899807	0.816261214285714	-0.0745146366484914	0.890775850934206
"Sion_random_3_18"	0	1	0	1	1	0	0	0	0	0	1	1	1	1	0	1	0	0	0	0	1	0	1	1	0	1	0	0	0	1	0.894391	0.805726461538462	-0.0398825495255237	0.845609011063985
"Sion_random_4_12"	0	1	0	0	1	0	1	1	1	1	1	1	0	1	1	0	1	0	0	1	1	0	1	1	0	0	0	1	1	1	1.082738	1.02335183333333	-0.478081965821052	1.50143379915439
"Sion_random_4_13"	0	1	0	0	1	0	1	1	1	0	1	1	0	1	1	0	1	0	0	1	1	0	1	1	0	0	0	1	1	1	0.997843	0.968054	-0.226146511886578	1.19420051188658
"Sion_random_4_14"	0	1	0	0	1	0	1	1	1	0	1	1	0	1	1	0	0	0	0	1	1	0	1	1	0	0	0	1	1	1	1.019665	0.9910735	-0.195618719890471	1.18669221989047
"Sion_random_4_15"	0	1	0	0	1	0	1	1	1	0	1	1	0	1	1	0	0	0	0	1	1	0	0	1	0	0	0	1	1	1	0.995143	0.9637464	-0.242653284020748	1.20639968402075
"Sion_random_4_16"	0	1	0	0	1	0	1	1	1	0	1	1	0	1	1	0	0	0	0	1	0	0	0	1	0	0	0	1	1	1	1.023464	0.992173428571429	-0.176705564059164	1.16887899263059
"Sion_random_4_17"	0	1	0	0	1	0	1	1	1	0	0	1	0	1	1	0	0	0	0	1	0	0	0	1	0	0	0	1	1	1	0.999764	0.964627538461539	-0.215652752627516	1.18028029108906
"Sion_random_4_18"	0	1	0	0	1	0	0	1	1	0	0	1	0	1	1	0	0	0	0	1	0	0	0	1	0	0	0	1	1	1	1.013909	0.97766825	-0.214514263742845	1.19218251374284
"Sion_random_5_12"	0	1	0	1	1	1	1	1	0	0	0	1	1	1	1	1	0	1	1	0	1	0	1	1	0	0	1	1	0	1	1.129422	1.02935810526316	-0.32074762816253	1.35010573342569
"Sion_random_5_13"	0	1	0	1	1	1	1	1	0	0	0	1	1	1	1	1	0	1	1	0	1	0	1	1	0	0	1	0	0	1	1.099771	0.994308166666667	-0.319697842206401	1.31400600887307
"Sion_random_5_14"	0	1	0	1	1	1	1	1	0	0	0	1	1	0	1	1	0	1	1	0	1	0	1	1	0	0	1	0	0	1	1.11104	0.999551470588235	-0.29662789015101	1.29617936073924
"Sion_random_5_15"	0	1	0	1	1	1	1	1	0	0	0	1	1	0	1	0	0	1	1	0	1	0	1	1	0	0	1	0	0	1	1.053645	0.953679	-0.236640730696914	1.19031973069691
"Sion_random_5_16"	0	0	0	1	1	1	1	1	0	0	0	1	1	0	1	0	0	1	1	0	1	0	1	1	0	0	1	0	0	1	0.782082	0.724827533333333	-0.0101207243351821	0.734948257668516
"Sion_random_5_17"	0	0	0	1	0	1	1	1	0	0	0	1	1	0	1	0	0	1	1	0	1	0	1	1	0	0	1	0	0	1	0.762622	0.70146	-0.0362196525474987	0.737679652547499
"Sion_random_5_18"	0	0	0	1	0	1	1	1	0	0	0	1	1	0	1	0	0	1	1	0	0	0	1	1	0	0	1	0	0	1	0.758073	0.692557	-0.0196854968176132	0.712242496817613
"Sion_random_6_12"	0	1	1	1	1	0	1	1	1	1	1	0	1	1	0	0	1	0	1	0	0	1	1	1	0	0	1	1	0	1	1.118067	0.999532263157895	-0.414730121322155	1.41426238448005
"Sion_random_6_13"	0	1	1	1	1	0	1	0	1	1	1	0	1	1	0	0	1	0	1	0	0	1	1	1	0	0	1	1	0	1	0.977657	0.885024555555556	-0.221752836636283	1.10677739219184
"Sion_random_6_14"	0	1	1	1	1	0	1	0	1	1	1	0	1	1	0	0	0	0	1	0	0	1	1	1	0	0	1	1	0	1	0.990059	0.893573294117647	-0.271952341668884	1.16552563578653
"Sion_random_6_15"	0	1	1	1	1	0	1	0	1	0	1	0	1	1	0	0	0	0	1	0	0	1	1	1	0	0	1	1	0	1	0.846429	0.7843775	-0.00082901546821057	0.785206515468211
"Sion_random_6_16"	0	1	1	1	1	0	1	0	1	0	0	0	1	1	0	0	0	0	1	0	0	1	1	1	0	0	1	1	0	1	0.857468	0.791612666666667	-0.0055372101821418	0.797149876848808
"Sion_random_6_17"	0	1	1	1	0	0	1	0	1	0	0	0	1	1	0	0	0	0	1	0	0	1	1	1	0	0	1	1	0	1	0.846329	0.775951785714286	-0.0314792733616487	0.807431059075934
"Sion_random_6_18"	0	1	1	1	0	0	1	0	1	0	0	0	1	0	0	0	0	0	1	0	0	1	1	1	0	0	1	1	0	1	0.852189	0.776630923076923	-0.0439627992230727	0.820593722299996
"Sion_random_7_12"	0	1	0	1	0	0	1	1	1	1	0	0	0	1	1	0	1	1	0	0	1	0	1	1	1	1	1	0	1	1	1.117302	1.05185944444444	-0.485373659824099	1.53723310426854
"Sion_random_7_13"	0	0	0	1	0	0	1	1	1	1	0	0	0	1	1	0	1	1	0	0	1	0	1	1	1	1	1	0	1	1	1.013833	0.982021470588235	-0.200061785218171	1.18208325580641
"Sion_random_7_14"	0	0	0	1	0	0	0	1	1	1	0	0	0	1	1	0	1	1	0	0	1	0	1	1	1	1	1	0	1	1	1.003374	0.9694043125	-0.206150345235167	1.17555465773517
"Sion_random_7_15"	0	0	0	1	0	0	0	1	1	1	0	0	0	1	1	0	1	1	0	0	1	0	1	0	1	1	1	0	1	1	0.995921	0.961755666666667	-0.212314145685846	1.17406981235251
"Sion_random_7_16"	0	0	0	1	0	0	0	1	1	1	0	0	0	1	1	0	1	1	0	0	1	0	1	0	1	0	1	0	1	1	0.99329	0.959037642857143	-0.171850805546919	1.13088844840406
"Sion_random_7_17"	0	0	0	1	0	0	0	1	1	1	0	0	0	1	1	0	1	1	0	0	1	0	0	0	1	0	1	0	1	1	0.980307	0.943270153846154	-0.196458262453296	1.13972841629945
"Sion_random_7_18"	0	0	0	1	0	0	0	1	1	1	0	0	0	1	1	0	1	1	0	0	1	0	0	0	1	0	0	0	1	1	0.93925	0.908199416666667	-0.174549949085611	1.08274936575228
"Sion_random_8_12"	0	1	0	1	1	1	0	1	1	1	1	1	0	0	1	0	1	1	0	1	1	0	0	0	0	1	1	0	1	1	1.117143	1.05082983333333	-0.482072178429363	1.5329020117627
"Sion_random_8_13"	0	1	0	1	1	0	0	1	1	1	1	1	0	0	1	0	1	1	0	1	1	0	0	0	0	1	1	0	1	1	1.11625	1.04698364705882	-0.462066324493865	1.50904997155269
"Sion_random_8_14"	0	1	0	1	1	0	0	1	1	1	1	1	0	0	1	0	1	1	0	1	1	0	0	0	0	0	1	0	1	1	1.101482	1.029187125	-0.506997667587704	1.5361847925877
"Sion_random_8_15"	0	1	0	1	1	0	0	1	1	1	0	1	0	0	1	0	1	1	0	1	1	0	0	0	0	0	1	0	1	1	1.104127	1.02752173333333	-0.467361597477172	1.49488333081051
"Sion_random_8_16"	0	1	0	1	1	0	0	1	0	1	0	1	0	0	1	0	1	1	0	1	1	0	0	0	0	0	1	0	1	1	1.094546	1.01231321428571	-0.399802215408381	1.4121154296941
"Sion_random_8_17"	0	1	0	1	1	0	0	1	0	1	0	1	0	0	1	0	1	0	0	1	1	0	0	0	0	0	1	0	1	1	1.095748	1.00876561538462	-0.479817400872651	1.48858301625727
"Sion_random_8_18"	0	1	0	0	1	0	0	1	0	1	0	1	0	0	1	0	1	0	0	1	1	0	0	0	0	0	1	0	1	1	1.090315	0.9956705	-0.395460193887054	1.39113069388705
"Sion_random_9_12"	0	1	0	0	0	1	1	1	0	0	1	0	1	1	1	1	1	0	0	0	1	1	1	1	1	1	1	0	1	0	1.12506	1.07941594444444	-0.311505462119123	1.39092140656357
"Sion_random_9_13"	0	1	0	0	0	1	1	1	0	0	1	0	1	0	1	1	1	0	0	0	1	1	1	1	1	1	1	0	1	0	1.111685	1.06274723529412	-0.315975407315229	1.37872264260935
"Sion_random_9_14"	0	1	0	0	0	1	1	1	0	0	1	0	1	0	1	1	1	0	0	0	1	1	1	1	1	1	0	0	1	0	1.084524	1.040200625	-0.247657038393763	1.28785766339376
"Sion_random_9_15"	0	1	0	0	0	1	1	1	0	0	1	0	1	0	1	1	1	0	0	0	1	1	1	0	1	1	0	0	1	0	1.081664	1.03676093333333	-0.24276159099282	1.27952252432615
"Sion_random_9_16"	0	1	0	0	0	1	1	1	0	0	1	0	1	0	1	1	1	0	0	0	1	1	1	0	1	0	0	0	1	0	1.065225	1.01848164285714	-0.25713867674722	1.27562031960436
"Sion_random_9_17"	0	1	0	0	0	1	1	1	0	0	1	0	1	0	1	1	1	0	0	0	1	1	1	0	0	0	0	0	1	0	1.057361	1.00657230769231	-0.264467585836111	1.27103989352842
"Sion_random_9_18"	0	1	0	0	0	1	1	1	0	0	1	0	1	0	1	1	1	0	0	0	1	1	0	0	0	0	0	0	1	0	1.085934	1.03421375	-0.222775883191385	1.25698963319139
"Sion_random_10_12"	0	1	0	1	1	1	0	0	0	0	1	0	1	1	1	1	1	1	0	1	1	0	1	1	1	1	0	0	0	1	0.909512	0.8898835	-0.0575875603595597	0.94747106035956
"Sion_random_10_13"	0	1	0	1	1	1	0	0	0	0	1	0	1	1	0	1	1	1	0	1	1	0	1	1	1	1	0	0	0	1	0.915306	0.895160235294117	-0.0492911180785318	0.944451353372649
"Sion_random_10_14"	0	1	0	1	1	1	0	0	0	0	1	0	1	1	0	1	0	1	0	1	1	0	1	1	1	1	0	0	0	1	0.91348	0.8936564375	-0.0262283068153569	0.919884744315357
"Sion_random_10_15"	0	1	0	1	1	1	0	0	0	0	1	0	1	1	0	1	0	1	0	1	1	0	1	0	1	1	0	0	0	1	0.903816	0.884592466666667	-0.0433418214155291	0.927934288082196
"Sion_random_10_16"	0	1	0	1	1	1	0	0	0	0	1	0	1	1	0	1	0	1	0	1	0	0	1	0	1	1	0	0	0	1	0.907611	0.887611142857143	-0.0166303527996855	0.904241495656828
"Sion_random_10_17"	0	1	0	1	1	1	0	0	0	0	1	0	1	1	0	0	0	1	0	1	0	0	1	0	1	1	0	0	0	1	0.804203	0.797467846153846	0.0768146977887563	0.72065314836509
"Sion_random_10_18"	0	1	0	0	1	1	0	0	0	0	1	0	1	1	0	0	0	1	0	1	0	0	1	0	1	1	0	0	0	1	0.795597	0.787622583333333	0.0733389817415927	0.714283601591741
"Sion_random_11_12"	0	1	0	0	0	0	1	0	0	1	0	1	1	0	1	1	1	1	0	1	0	1	1	1	1	1	1	1	1	0	1.045702	0.989620277777778	-0.353270542511496	1.34289082028927
"Sion_random_11_13"	0	1	0	0	0	0	1	0	0	1	0	1	0	0	1	1	1	1	0	1	0	1	1	1	1	1	1	1	1	0	1.053875	0.995144294117647	-0.328420332256878	1.32356462637453
"Sion_random_11_14"	0	1	0	0	0	0	1	0	0	1	0	1	0	0	1	1	1	1	0	1	0	1	0	1	1	1	1	1	1	0	1.049543	0.9875606875	-0.308099867511321	1.29566055501132
"Sion_random_11_15"	0	1	0	0	0	0	1	0	0	1	0	1	0	0	1	1	1	1	0	0	0	1	0	1	1	1	1	1	1	0	1.036441	0.972552666666667	-0.327853677655672	1.30040634432234
"Sion_random_11_16"	0	1	0	0	0	0	1	0	0	1	0	0	0	0	1	1	1	1	0	0	0	1	0	1	1	1	1	1	1	0	1.035412	0.967371142857143	-0.26538789201629	1.23275903487343
"Sion_random_11_17"	0	1	0	0	0	0	1	0	0	1	0	0	0	0	1	1	1	1	0	0	0	1	0	1	1	1	1	1	0	0	1.051121	0.979433692307692	-0.216216033524629	1.19564972583232
"Sion_random_11_18"	0	1	0	0	0	0	1	0	0	1	0	0	0	0	1	0	1	1	0	0	0	1	0	1	1	1	1	1	0	0	0.988668	0.930456416666667	-0.158507008980309	1.08896342564698
"Sion_random_12_12"	0	0	1	0	1	1	1	0	0	1	1	1	1	1	1	1	0	1	1	0	0	0	1	0	1	0	1	1	1	0	0.897918	0.881839611111111	-0.119541369550004	1.00138098066111
"Sion_random_12_13"	0	0	1	0	1	1	1	0	0	1	1	1	1	1	1	1	0	1	1	0	0	0	1	0	1	0	0	1	1	0	0.841954	0.830457176470588	-0.0658063431433932	0.896263519613981
"Sion_random_12_14"	0	0	0	0	1	1	1	0	0	1	1	1	1	1	1	1	0	1	1	0	0	0	1	0	1	0	0	1	1	0	0.844188	0.832203875	-0.0234184943346085	0.855622369334608
"Sion_random_12_15"	0	0	0	0	1	1	1	0	0	1	1	1	1	1	1	1	0	1	1	0	0	0	1	0	0	0	0	1	1	0	0.836217	0.823037066666667	-0.0335296910454078	0.856566757712074
"Sion_random_12_16"	0	0	0	0	1	1	1	0	0	1	1	1	1	0	1	1	0	1	1	0	0	0	1	0	0	0	0	1	1	0	0.8415	0.827972142857143	-0.0424364550058669	0.87040859786301
"Sion_random_12_17"	0	0	0	0	1	1	1	0	0	1	1	1	1	0	1	1	0	1	1	0	0	0	0	0	0	0	0	1	1	0	0.83404	0.819746692307692	-0.0210471780742748	0.840793870381967
"Sion_random_12_18"	0	0	0	0	1	1	1	0	0	1	1	1	1	0	1	0	0	1	1	0	0	0	0	0	0	0	0	1	1	0	0.706434	0.704969833333333	0.0602170053311113	0.644752828002222
"Sion_random_13_12"	0	1	1	0	1	1	0	0	0	1	0	1	1	1	0	1	0	1	1	1	0	0	1	1	0	0	1	1	1	1	1.037377	0.983956388888889	-0.389417131513176	1.37337352040206
"Sion_random_13_13"	0	1	1	0	1	1	0	0	0	1	0	1	1	1	0	1	0	1	1	1	0	0	0	1	0	0	1	1	1	1	1.043263	0.987695470588235	-0.378519659852714	1.36621513044095
"Sion_random_13_14"	0	1	1	0	1	1	0	0	0	1	0	1	1	1	0	1	0	1	1	1	0	0	0	1	0	0	1	1	0	1	1.041728	0.9828995625	-0.356953667672545	1.33985323017254
"Sion_random_13_15"	0	1	1	0	1	1	0	0	0	1	0	1	1	1	0	1	0	1	1	1	0	0	0	1	0	0	1	0	0	1	1.035684	0.972722933333333	-0.284254484079257	1.25697741741259
"Sion_random_13_16"	0	1	1	0	1	1	0	0	0	1	0	1	1	1	0	0	0	1	1	1	0	0	0	1	0	0	1	0	0	1	0.986289	0.936434571428572	-0.239035581621705	1.17547015305028
"Sion_random_13_17"	0	1	1	0	1	1	0	0	0	0	0	1	1	1	0	0	0	1	1	1	0	0	0	1	0	0	1	0	0	1	0.850957	0.83666	-0.0152745073737797	0.85193450737378
"Sion_random_13_18"	0	1	1	0	1	1	0	0	0	0	0	1	1	1	0	0	0	1	1	1	0	0	0	1	0	0	1	0	0	0	0.849377	0.8342395	-0.000117844883260068	0.83435734488326
"Sion_random_14_12"	0	1	1	1	1	1	1	1	1	1	1	1	1	1	0	0	0	1	0	1	1	1	1	0	0	0	1	0	0	0	1.106808	0.987360368421053	-0.447291897571261	1.43465226599231
"Sion_random_14_13"	0	1	1	1	0	1	1	1	1	1	1	1	1	1	0	0	0	1	0	1	1	1	1	0	0	0	1	0	0	0	1.101279	0.975337	-0.490158214621678	1.46549521462168
"Sion_random_14_14"	0	1	1	1	0	1	1	1	1	1	1	1	1	1	0	0	0	0	0	1	1	1	1	0	0	0	1	0	0	0	1.106477	0.974261117647059	-0.486850517369496	1.46111163501655
"Sion_random_14_15"	0	1	1	1	0	1	1	1	1	1	1	1	1	1	0	0	0	0	0	0	1	1	1	0	0	0	1	0	0	0	1.099674	0.9621005	-0.478104608681951	1.44020510868195
"Sion_random_14_16"	0	1	1	1	0	1	0	1	1	1	1	1	1	1	0	0	0	0	0	0	1	1	1	0	0	0	1	0	0	0	1.091585	0.945355933333333	-0.545182009417598	1.49053794275093
"Sion_random_14_17"	0	1	1	1	0	1	0	1	1	1	1	0	1	1	0	0	0	0	0	0	1	1	1	0	0	0	1	0	0	0	1.09494	0.938750428571429	-0.554630361788389	1.49338079035982
"Sion_random_14_18"	0	0	1	1	0	1	0	1	1	1	1	0	1	1	0	0	0	0	0	0	1	1	1	0	0	0	1	0	0	0	0.982895	0.871663076923077	-0.255667337369267	1.12733041429234
"Sion_random_15_12"	0	1	1	1	1	1	1	1	0	0	0	1	1	0	1	1	1	1	1	0	0	1	1	0	0	1	0	0	0	1	1.069781	1.03046083333333	-0.294672387954061	1.32513322128739
"Sion_random_15_13"	0	1	1	1	1	1	1	1	0	0	0	1	1	0	1	1	1	1	1	0	0	1	1	0	0	1	0	0	0	1	1.075005	0.976252555555556	-0.286750040269289	1.26300259582484
"Sion_random_15_14"	0	1	1	1	1	1	1	1	0	0	0	1	1	0	1	1	0	1	1	0	0	1	1	0	0	1	0	0	0	1	1.06898	0.966014294117647	-0.272347296881855	1.2383615909995
"Sion_random_15_15"	0	1	1	1	1	1	1	1	0	0	0	1	0	0	1	1	0	1	1	0	0	1	1	0	0	1	0	0	0	1	1.068782	0.9595606875	-0.232035611323596	1.1915962988236
"Sion_random_15_16"	0	1	1	1	1	1	0	1	0	0	0	1	0	0	1	1	0	1	1	0	0	1	1	0	0	1	0	0	0	1	1.070232	0.954245266666667	-0.310286908453687	1.26453217512035
"Sion_random_15_17"	0	1	1	1	1	1	0	1	0	0	0	1	0	0	1	1	0	1	1	0	0	1	0	0	0	1	0	0	0	1	1.072998	0.949514857142857	-0.208873926275701	1.15838878341856
"Sion_random_15_18"	0	1	0	1	1	1	0	1	0	0	0	1	0	0	1	1	0	1	1	0	0	1	0	0	0	1	0	0	0	1	1.070526	0.937656923076923	-0.196821421813203	1.13447834489013
"Sion_random_16_12"	0	1	0	1	1	0	1	1	0	1	0	1	1	0	1	0	0	0	1	1	1	1	1	0	1	0	1	1	1	1	1.110102	0.992234578947369	-0.491238964484789	1.48347354343216
"Sion_random_16_13"	0	1	0	1	1	0	1	1	0	1	0	0	1	0	1	0	0	0	1	1	1	1	1	0	1	0	1	1	1	1	1.112525	0.988486166666667	-0.477367126137082	1.46585329280375
"Sion_random_16_14"	0	1	0	1	1	0	1	1	0	1	0	0	0	0	1	0	0	0	1	1	1	1	1	0	1	0	1	1	1	1	1.104392	0.973225941176471	-0.453172548453773	1.42639848963024
"Sion_random_16_15"	0	1	0	1	1	0	1	1	0	1	0	0	0	0	1	0	0	0	1	1	1	1	1	0	1	0	1	1	0	1	1.097604	0.9585480625	-0.398889222140001	1.35743728464
"Sion_random_16_16"	0	1	0	1	1	0	1	1	0	1	0	0	0	0	1	0	0	0	0	1	1	1	1	0	1	0	1	1	0	1	1.109497	0.961336666666667	-0.351556288136495	1.31289295480316
"Sion_random_16_17"	0	1	0	1	0	0	1	1	0	1	0	0	0	0	1	0	0	0	0	1	1	1	1	0	1	0	1	1	0	1	1.104545	0.945983857142857	-0.43976642576517	1.38575028290803
"Sion_random_16_18"	0	1	0	1	0	0	1	1	0	1	0	0	0	0	1	0	0	0	0	1	1	1	0	0	1	0	1	1	0	1	1.09922	0.929310846153846	-0.405728061798339	1.33503890795219
"Sion_random_17_12"	0	0	1	1	1	1	0	0	1	1	1	1	0	0	0	0	1	0	0	0	1	1	1	1	0	1	1	1	1	1	0.819655	0.810776777777778	0.00872624907218207	0.802050528705596
"Sion_random_17_13"	0	0	1	0	1	1	0	0	1	1	1	1	0	0	0	0	1	0	0	0	1	1	1	1	0	1	1	1	1	1	0.822063	0.812831823529412	0.0266622785671368	0.786169544962275
"Sion_random_17_14"	0	0	1	0	1	1	0	0	1	1	1	1	0	0	0	0	1	0	0	0	1	1	1	1	0	1	0	1	1	1	0.756977	0.7524715625	0.0526330638036736	0.699838498696327
"Sion_random_17_15"	0	0	1	0	1	1	0	0	1	1	1	1	0	0	0	0	1	0	0	0	1	1	1	1	0	1	0	1	1	0	0.754945	0.7503898	0.0635351408564675	0.686854659143533
"Sion_random_17_16"	0	0	1	0	1	1	0	0	1	1	1	1	0	0	0	0	1	0	0	0	1	0	1	1	0	1	0	1	1	0	0.749144	0.744638	0.0540885567748184	0.690549443225182
"Sion_random_17_17"	0	0	1	0	1	1	0	0	1	1	1	1	0	0	0	0	1	0	0	0	1	0	0	1	0	1	0	1	1	0	0.742333	0.737805461538461	0.0659765308732018	0.67182893066526
"Sion_random_17_18"	0	0	1	0	1	1	0	0	1	1	0	1	0	0	0	0	1	0	0	0	1	0	0	1	0	1	0	1	1	0	0.741736	0.737197583333333	0.0763270629176493	0.660870520415684
"Sion_random_18_12"	0	0	1	1	1	0	1	1	0	1	1	0	1	1	1	1	1	0	0	0	0	1	1	1	1	1	1	0	1	0	1.071777	0.975125947368421	-0.286649288084047	1.26177523545247
"Sion_random_18_13"	0	0	1	1	1	0	1	1	0	1	1	0	0	1	1	1	1	0	0	0	0	1	1	1	1	1	1	0	1	0	1.059787	0.957926222222222	-0.248608126095098	1.20653434831732
"Sion_random_18_14"	0	0	1	1	1	0	1	1	0	1	1	0	0	1	1	1	0	0	0	0	0	1	1	1	1	1	1	0	1	0	1.067759	0.961502117647059	-0.260915559035495	1.22241767668255
"Sion_random_18_15"	0	0	1	1	1	0	1	1	0	0	1	0	0	1	1	1	0	0	0	0	0	1	1	1	1	1	1	0	1	0	0.932672	0.860238625	-0.0432308264262657	0.903469451426266
"Sion_random_18_16"	0	0	1	1	1	0	1	1	0	0	1	0	0	1	1	1	0	0	0	0	0	1	1	1	1	1	0	0	1	0	0.865714	0.798447	-0.0337938020217591	0.832240802021759
"Sion_random_18_17"	0	0	1	1	1	0	1	1	0	0	1	0	0	1	1	1	0	0	0	0	0	1	1	1	0	1	0	0	1	0	0.873938	0.802010357142857	-0.0519637236920412	0.853974080834898
"Sion_random_18_18"	0	0	1	1	1	0	1	1	0	0	1	0	0	1	1	1	0	0	0	0	0	1	1	1	0	0	0	0	1	0	0.848315	0.773591230769231	-0.0463575299177271	0.819948760686958
"Sion_random_19_12"	0	1	1	1	0	0	0	1	1	0	1	1	1	1	1	1	1	1	0	0	1	1	1	1	1	0	0	0	0	0	1.088964	1.05130194444444	-0.390070491173097	1.44137243561754
"Sion_random_19_13"	0	1	1	1	0	0	0	1	1	0	0	1	1	1	1	1	1	1	0	0	1	1	1	1	1	0	0	0	0	0	1.088777	1.04918229411765	-0.378534715295974	1.42771700941362
"Sion_random_19_14"	0	1	1	1	0	0	0	1	1	0	0	1	1	0	1	1	1	1	0	0	1	1	1	1	1	0	0	0	0	0	1.080951	1.038581625	-0.335834027154624	1.37441565215462
"Sion_random_19_15"	0	1	1	1	0	0	0	1	1	0	0	1	1	0	1	1	1	0	0	0	1	1	1	1	1	0	0	0	0	0	1.083684	1.03995793333333	-0.290467315947274	1.33042524928061
"Sion_random_19_16"	0	1	1	1	0	0	0	1	1	0	0	1	0	0	1	1	1	0	0	0	1	1	1	1	1	0	0	0	0	0	1.068105	1.02034828571429	-0.286419097702141	1.30676738341643
"Sion_random_19_17"	0	1	1	1	0	0	0	1	1	0	0	1	0	0	1	0	1	0	0	0	1	1	1	1	1	0	0	0	0	0	0.996509	0.962328923076923	-0.214823981587216	1.17715290466414
"Sion_random_19_18"	0	1	1	1	0	0	0	1	1	0	0	1	0	0	1	0	1	0	0	0	0	1	1	1	1	0	0	0	0	0	0.989979	0.952786416666667	-0.237708780049584	1.19049519671625
"Sion_random_20_12"	0	1	1	1	1	0	1	1	0	1	1	1	0	1	1	0	0	1	1	0	0	0	1	0	1	0	1	1	1	0	1.097091	1.03595788888889	-0.584267747836947	1.62022563672584
"Sion_random_20_13"	0	1	1	1	1	0	1	1	0	1	0	1	0	1	1	0	0	1	1	0	0	0	1	0	1	0	1	1	1	0	1.09276	1.02806982352941	-0.586928753449209	1.61499857697862
"Sion_random_20_14"	0	1	1	0	1	0	1	1	0	1	0	1	0	1	1	0	0	1	1	0	0	0	1	0	1	0	1	1	1	0	1.093249	1.024575625	-0.528459367984507	1.55303499298451
"Sion_random_20_15"	0	1	1	0	1	0	1	1	0	1	0	1	0	1	1	0	0	1	1	0	0	0	1	0	1	0	1	1	1	0	1.104462	0.9674605625	-0.507449607283882	1.47491016978388
"Sion_random_20_16"	0	1	1	0	0	0	1	1	0	1	0	1	0	1	1	0	0	1	1	0	0	0	1	0	1	0	1	1	1	0	1.089841	0.943876066666667	-0.592540248710478	1.53641631537714
"Sion_random_20_17"	0	1	0	0	0	0	1	1	0	1	0	1	0	1	1	0	0	1	1	0	0	0	1	0	1	0	1	1	1	0	1.101126	0.944839714285714	-0.51332167362688	1.45816138791259
"Sion_random_20_18"	0	0	0	0	0	0	1	1	0	1	0	1	0	1	1	0	0	1	1	0	0	0	1	0	1	0	1	1	1	0	0.982132	0.870795923076923	-0.217882685581199	1.08867860865812
"Sion_random_21_12"	0	0	1	1	0	1	0	0	0	1	0	1	1	1	1	0	1	1	1	1	0	0	1	1	0	0	1	1	1	1	0.820754	0.811209833333333	-0.0224199021881915	0.833629735521525
"Sion_random_21_13"	0	0	1	1	0	1	0	0	0	1	0	1	1	1	1	0	1	0	1	1	0	0	1	1	0	0	1	1	1	1	0.824439	0.815684647058823	-0.00336486660132183	0.819049513660145
"Sion_random_21_14"	0	0	1	1	0	0	0	0	0	1	0	1	1	1	1	0	1	0	1	1	0	0	1	1	0	0	1	1	1	1	0.802858	0.7932703125	-0.0331974452201207	0.826467757720121
"Sion_random_21_15"	0	0	1	1	0	0	0	0	0	1	0	1	1	1	0	0	1	0	1	1	0	0	1	1	0	0	1	1	1	1	0.804413	0.794625866666667	-0.0188134811616469	0.813439347828314
"Sion_random_21_16"	0	0	1	1	0	0	0	0	0	1	0	1	0	1	0	0	1	0	1	1	0	0	1	1	0	0	1	1	1	1	0.802667	0.7922615	-0.0025635423125105	0.79482504231251
"Sion_random_21_17"	0	0	1	0	0	0	0	0	0	1	0	1	0	1	0	0	1	0	1	1	0	0	1	1	0	0	1	1	1	1	0.798781	0.787312307692308	-0.0184597528903746	0.805772060582682
"Sion_random_21_18"	0	0	1	0	0	0	0	0	0	1	0	1	0	0	0	0	1	0	1	1	0	0	1	1	0	0	1	1	1	1	0.800703	0.788690916666667	0.00712633819329222	0.781564578473374
"Sion_random_22_12"	0	1	1	1	1	1	0	1	1	1	0	1	0	1	1	1	1	1	1	0	1	0	1	0	0	0	1	0	0	0	1.139787	1.06272722222222	-0.629381023641361	1.69210824586358
"Sion_random_22_13"	0	1	1	1	1	1	0	1	1	1	0	0	0	1	1	1	1	1	1	0	1	0	1	0	0	0	1	0	0	0	1.139154	1.057923	-0.523140105893552	1.58106310589355
"Sion_random_22_14"	0	1	1	1	1	1	0	1	1	1	0	0	0	1	1	1	1	1	0	0	1	0	1	0	0	0	1	0	0	0	1.151484	1.0661023125	-0.511225447177659	1.57732775967766
"Sion_random_22_15"	0	1	1	1	1	1	0	0	1	1	0	0	0	1	1	1	1	1	0	0	1	0	1	0	0	0	1	0	0	0	1.032891	0.972896066666667	-0.370314157384172	1.34321022405084
"Sion_random_22_16"	0	1	0	1	1	1	0	0	1	1	0	0	0	1	1	1	1	1	0	0	1	0	1	0	0	0	1	0	0	0	1.032147	0.967918285714286	-0.262134561791809	1.2300528475061
"Sion_random_22_17"	0	1	0	1	1	0	0	0	1	1	0	0	0	1	1	1	1	1	0	0	1	0	1	0	0	0	1	0	0	0	1.036326	0.968785923076923	-0.282780743845015	1.25156666692194
"Sion_random_22_18"	0	1	0	1	1	0	0	0	1	0	0	0	0	1	1	1	1	1	0	0	1	0	1	0	0	0	1	0	0	0	0.920563	0.891700416666667	-0.0554689435722978	0.947169360238965
"Sion_random_23_12"	0	1	0	1	1	1	1	0	1	1	0	1	0	1	0	0	1	0	1	1	1	0	1	1	0	1	1	0	0	1	0.993763	0.951497833333333	-0.192018714750453	1.14351654808379
"Sion_random_23_13"	0	1	0	1	1	1	0	0	1	1	0	1	0	1	0	0	1	0	1	1	1	0	1	1	0	1	1	0	0	1	0.991475	0.947044352941177	-0.244233903337924	1.1912782562791
"Sion_random_23_14"	0	1	0	1	1	1	0	0	1	1	0	1	0	1	0	0	1	0	1	1	1	0	1	1	0	0	1	0	0	1	0.986752	0.941472875	-0.237852145659092	1.17932502065909
"Sion_random_23_15"	0	1	0	1	1	1	0	0	1	0	0	1	0	1	0	0	1	0	1	1	1	0	1	1	0	0	1	0	0	1	0.860855	0.847326333333333	0.0105561845313138	0.83677014880202
"Sion_random_23_16"	0	1	0	1	1	1	0	0	1	0	0	1	0	1	0	0	0	0	1	1	1	0	1	1	0	0	1	0	0	1	0.860361	0.847768357142857	0.0231426806301049	0.824625676512752
"Sion_random_23_17"	0	1	0	1	1	1	0	0	0	0	0	1	0	1	0	0	0	0	1	1	1	0	1	1	0	0	1	0	0	1	0.856303	0.842998846153846	0.02771128268483	0.815287563469016
"Sion_random_23_18"	0	1	0	1	1	1	0	0	0	0	0	1	0	1	0	0	0	0	1	1	1	0	1	0	0	0	1	0	0	1	0.830382	0.817016416666667	0.0452791051877111	0.771737311478956
"Sion_random_24_12"	0	1	0	1	1	1	1	0	1	0	0	1	1	0	1	0	0	1	0	1	1	1	1	1	0	1	1	1	1	0	0.885606	0.826936105263158	-0.0366348425745655	0.863570947837723
"Sion_random_24_13"	0	1	0	1	1	1	1	0	1	0	0	1	1	0	1	0	0	1	0	1	1	1	1	1	0	0	1	1	1	0	0.872187	0.812234222222222	-0.0104838283003824	0.822718050522605
"Sion_random_24_14"	0	1	0	1	1	1	1	0	1	0	0	1	1	0	1	0	0	1	0	0	1	1	1	1	0	0	1	1	1	0	0.865827	0.805082529411765	-0.0138291937668436	0.818911723178608
"Sion_random_24_15"	0	1	0	1	1	1	1	0	1	0	0	0	1	0	1	0	0	1	0	0	1	1	1	1	0	0	1	1	1	0	0.853465	0.789347875	0.00880667188921302	0.780541203110787
"Sion_random_24_16"	0	1	0	1	1	1	1	0	1	0	0	0	1	0	1	0	0	0	0	0	1	1	1	1	0	0	1	1	1	0	0.845187	0.778081133333333	0.0222349322771818	0.755846201056151
"Sion_random_24_17"	0	1	0	1	1	1	0	0	1	0	0	0	1	0	1	0	0	0	0	0	1	1	1	1	0	0	1	1	1	0	0.847457	0.776110714285714	0.0112394270607571	0.764871287224957
"Sion_random_24_18"	0	1	0	1	1	1	0	0	0	0	0	0	1	0	1	0	0	0	0	0	1	1	1	1	0	0	1	1	1	0	0.831866	0.755600846153846	0.00850510910219807	0.747095737051648
"Sion_random_25_12"	0	0	0	1	0	0	1	1	1	0	1	1	1	1	1	1	1	0	1	1	0	1	1	0	1	0	0	1	1	1	0.882795	0.828438789473684	-0.0612125746196713	0.889651364093356
"Sion_random_25_13"	0	0	0	1	0	0	1	1	1	0	0	1	1	1	1	1	1	0	1	1	0	1	1	0	1	0	0	1	1	1	0.879556	0.822457444444444	-0.107355309282012	0.929812753726457
"Sion_random_25_14"	0	0	0	1	0	0	1	1	1	0	0	1	1	1	1	1	1	0	1	1	0	1	1	0	0	0	0	1	1	1	0.872805	0.812466411764706	-0.0729305848668573	0.885396996631563
"Sion_random_25_15"	0	0	0	1	0	0	1	1	1	0	0	1	1	1	0	1	1	0	1	1	0	1	1	0	0	0	0	1	1	1	0.859738	0.7959433125	-0.0758334563467991	0.871776768846799
"Sion_random_25_16"	0	0	0	1	0	0	1	1	1	0	0	0	1	1	0	1	1	0	1	1	0	1	1	0	0	0	0	1	1	1	0.870242	0.802646466666667	-0.0787760147451473	0.881422481411814
"Sion_random_25_17"	0	0	0	1	0	0	1	1	0	0	0	0	1	1	0	1	1	0	1	1	0	1	1	0	0	0	0	1	1	1	0.875544	0.803648857142857	-0.0268232729304587	0.830472130073316
"Sion_random_25_18"	0	0	0	1	0	0	1	1	0	0	0	0	1	1	0	0	1	0	1	1	0	1	1	0	0	0	0	1	1	1	0.670542	0.615874076923077	-0.000716025363718203	0.616590102286795
"Sion_random_26_12"	0	1	1	0	1	1	1	1	1	1	0	0	1	0	1	1	1	1	0	0	0	0	0	1	1	0	1	1	1	0	1.15086	1.07271716666667	-0.504466863630783	1.57718403029745
"Sion_random_26_13"	0	0	1	0	1	1	1	1	1	1	0	0	1	0	1	1	1	1	0	0	0	0	0	1	1	0	1	1	1	0	1.068977	1.02498788235294	-0.263369960438108	1.28835784279105
"Sion_random_26_14"	0	0	1	0	1	1	1	1	1	1	0	0	1	0	1	1	1	1	0	0	0	0	0	1	1	0	1	0	1	0	1.065055	1.018251625	-0.211067434717668	1.22931905971767
"Sion_random_26_15"	0	0	1	0	1	1	1	1	1	1	0	0	0	0	1	1	1	1	0	0	0	0	0	1	1	0	1	0	1	0	1.071512	1.0222106	-0.158657938326092	1.18086853832609
"Sion_random_26_16"	0	0	1	0	1	1	0	1	1	1	0	0	0	0	1	1	1	1	0	0	0	0	0	1	1	0	1	0	1	0	1.063975	1.01116657142857	-0.211441051741932	1.2226076231705
"Sion_random_26_17"	0	0	1	0	1	1	0	1	1	1	0	0	0	0	1	1	1	1	0	0	0	0	0	1	1	0	1	0	0	0	1.061783	1.00512284615385	-0.148085885211045	1.15320873136489
"Sion_random_26_18"	0	0	0	0	1	1	0	1	1	1	0	0	0	0	1	1	1	1	0	0	0	0	0	1	1	0	1	0	0	0	1.069859	1.00927233333333	-0.110330841938548	1.11960317527188
"Sion_random_27_12"	0	0	1	0	0	0	1	1	0	0	1	1	0	1	0	1	1	1	0	1	0	1	1	1	1	1	1	1	1	1	0.969334	0.903058368421053	-0.127893508972799	1.03095187739385
"Sion_random_27_13"	0	0	1	0	0	0	1	1	0	0	1	1	0	1	0	1	1	1	0	1	0	1	0	1	1	1	1	1	1	1	0.946705	0.877360555555556	-0.135181415545845	1.0125419711014
"Sion_random_27_14"	0	0	1	0	0	0	1	1	0	0	1	1	0	1	0	1	1	1	0	1	0	1	0	1	1	1	1	0	1	1	0.967147	0.893893058823529	-0.10908612140978	1.00297918023331
"Sion_random_27_15"	0	0	1	0	0	0	1	1	0	0	0	1	0	1	0	1	1	1	0	1	0	1	0	1	1	1	1	0	1	1	0.972569	0.8950488125	-0.0875389351747816	0.982587747674782
"Sion_random_27_16"	0	0	1	0	0	0	1	1	0	0	0	1	0	1	0	1	1	1	0	1	0	1	0	1	1	1	1	0	1	0	0.952914	0.870611866666667	-0.0978206515834868	0.968432518250154
"Sion_random_27_17"	0	0	1	0	0	0	1	1	0	0	0	0	0	1	0	1	1	1	0	1	0	1	0	1	1	1	1	0	1	0	0.949154	0.861457571428571	-0.0928685949336171	0.954326166362189
"Sion_random_27_18"	0	0	1	0	0	0	0	1	0	0	0	0	0	1	0	1	1	1	0	1	0	1	0	1	1	1	1	0	1	0	0.939993	0.846146076923077	-0.0864637761803352	0.932609853103412
"Sion_random_28_12"	0	1	1	0	1	1	0	0	0	1	0	1	0	0	1	0	1	1	1	1	1	1	1	1	1	1	1	1	0	0	0.998808	0.905552894736842	-0.242765413873041	1.14831830860988
"Sion_random_28_13"	0	1	1	0	1	1	0	0	0	1	0	1	0	0	1	0	1	1	1	1	1	0	1	1	1	1	1	1	0	0	1.005134	0.907311666666667	-0.23761892957704	1.14493059624371
"Sion_random_28_14"	0	1	1	0	1	1	0	0	0	1	0	0	0	0	1	0	1	1	1	1	1	0	1	1	1	1	1	1	0	0	0.992759	0.889581352941176	-0.219185096079505	1.10876644902068
"Sion_random_28_15"	0	1	1	0	1	1	0	0	0	1	0	0	0	0	1	0	1	1	1	0	1	0	1	1	1	1	1	1	0	0	0.986442	0.879721625	-0.227378295300409	1.10709992030041
"Sion_random_28_16"	0	1	1	0	1	1	0	0	0	1	0	0	0	0	1	0	1	1	0	0	1	0	1	1	1	1	1	1	0	0	0.983977	0.870307933333333	-0.154308199295861	1.02461613262919
"Sion_random_28_17"	0	0	1	0	1	1	0	0	0	1	0	0	0	0	1	0	1	1	0	0	1	0	1	1	1	1	1	1	0	0	0.803313	0.7344275	0.0426487562973524	0.691778743702648
"Sion_random_28_18"	0	0	1	0	1	1	0	0	0	0	0	0	0	0	1	0	1	1	0	0	1	0	1	1	1	1	1	1	0	0	0.299884	0.275502153846154	-0.00505911652224682	0.280561270368401
"Sion_random_29_12"	0	0	0	1	1	1	1	0	0	1	0	1	0	1	1	0	1	1	0	0	0	1	1	1	1	1	0	1	1	1	0.767165	0.762661722222222	0.0705833535080524	0.69207836871417
"Sion_random_29_13"	0	0	0	1	1	1	1	0	0	1	0	1	0	1	1	0	1	1	0	0	0	1	1	1	1	0	0	1	1	1	0.758052	0.754840588235294	0.0782331182549992	0.676607469980295
"Sion_random_29_14"	0	0	0	1	1	1	1	0	0	0	0	1	0	1	1	0	1	1	0	0	0	1	1	1	1	0	0	1	1	1	0.164161	0.16409525	-0.000749351019893603	0.164844601019894
"Sion_random_29_15"	0	0	0	1	1	1	1	0	0	0	0	1	0	1	0	0	1	1	0	0	0	1	1	1	1	0	0	1	1	1	0.158778	0.158685066666667	0.00270150862523957	0.155983558041427
"Sion_random_29_16"	0	0	0	1	1	1	1	0	0	0	0	1	0	1	0	0	1	1	0	0	0	0	1	1	1	0	0	1	1	1	0.14782	0.147726642857143	-0.0014135111673571	0.1491401540245
"Sion_random_29_17"	0	0	0	1	1	1	1	0	0	0	0	1	0	1	0	0	1	1	0	0	0	0	1	1	1	0	0	1	1	1	0.148239	0.137587071428571	-0.000356768192756398	0.137943839621328
"Sion_random_29_18"	0	0	0	1	1	1	1	0	0	0	0	1	0	1	0	0	1	1	0	0	0	0	1	1	1	0	0	0	1	1	0.145403	0.134153461538462	0.000706791824525332	0.133446669713936
"Sion_random_30_12"	0	1	1	1	0	0	1	0	0	0	1	0	0	1	0	1	1	1	1	1	1	0	1	1	1	0	1	1	1	0	0.952235	0.929391166666667	-0.204164335559965	1.13355550222663
"Sion_random_30_13"	0	1	1	1	0	0	1	0	0	0	1	0	0	1	0	1	0	1	1	1	1	0	1	1	1	0	1	1	1	0	0.953237	0.930704058823529	-0.190016376353325	1.12072043517685
"Sion_random_30_14"	0	1	1	1	0	0	1	0	0	0	1	0	0	1	0	1	0	1	1	1	1	0	1	1	1	0	1	0	1	0	0.953369	0.9296161875	-0.142133074176566	1.07174926167657
"Sion_random_30_15"	0	1	1	1	0	0	1	0	0	0	1	0	0	0	0	1	0	1	1	1	1	0	1	1	1	0	1	0	1	0	0.93719	0.9109768	-0.181609012851683	1.09258581285168
"Sion_random_30_16"	0	1	1	1	0	0	1	0	0	0	1	0	0	0	0	1	0	1	1	1	0	0	1	1	1	0	1	0	1	0	0.936622	0.908821571428571	-0.145312924717669	1.05413449614624
"Sion_random_30_17"	0	1	1	1	0	0	0	0	0	0	1	0	0	0	0	1	0	1	1	1	0	0	1	1	1	0	1	0	1	0	0.934988	0.905518769230769	-0.17293933291095	1.07845810214172
"Sion_random_30_18"	0	1	1	1	0	0	0	0	0	0	1	0	0	0	0	1	0	1	1	1	0	0	1	1	1	0	0	0	1	0	0.887564	0.864181083333333	-0.0834940607849488	0.947675144118282
