"assemblage"	"AVir"	"PMon"	"TBac"	"AAlb"	"PCem"	"LDec"	"BPen"	"QRob"	"PAbi"	"PSyl"	"PNig"	"AInc"	"UGla"	"TPla"	"AGlu"	"QPub"	"SAri"	"PTre"	"APla"	"TCor"	"SAlb"	"QPet"	"CAve"	"SAuc"	"FSyl"	"ACam"	"CSat"	"APse"	"FExc"	"CBet"	"productivity"	"DeltaY"	"Selection"	"Complementarity"
"Bever_increasing_14"	1	1	0	1	1	1	1	0	1	1	1	1	0	0	0	0	0	0	0	0	0	0	0	0	0	0	0	0	0	0	1.709986	2.046421	0.697278870374492	1.34914212962551
"Bever_decreasing_14"	0	0	0	0	0	0	0	0	0	0	0	0	0	0	0	0	0	1	0	0	0	0	0	1	0	0	0	0	0	0	0.988881	7.875955	0.606086869222303	7.2698681307777
"Bever_random_1_14"	0	0	0	1	0	0	0	0	1	0	1	1	0	0	0	0	0	1	0	0	0	0	0	0	0	0	0	0	0	0	1.32695	4.0241666	1.44428896530583	2.57987763469417
"Bever_random_2_14"	1	0	0	1	0	1	0	0	1	0	0	0	0	0	0	0	0	0	0	0	0	0	0	0	0	0	0	0	0	0	1.636795	6.1789235	2.56628775804708	3.61263574195293
"Bever_random_3_14"	0	1	0	1	1	1	0	0	0	0	1	1	0	0	0	0	0	1	0	0	0	0	0	1	0	0	0	0	0	0	1.62394	2.68162875	1.24725290641083	1.43437584358917
"Bever_random_4_14"	1	1	0	0	1	0	1	0	1	0	1	1	0	0	0	0	0	0	0	0	0	0	0	1	0	0	0	0	0	0	1.636252	2.73042625	1.11490973560782	1.61551651439218
"Bever_random_5_14"	0	1	0	1	1	1	1	0	0	0	0	1	0	0	0	0	0	1	0	0	0	0	0	1	0	0	0	0	0	0	1.671859	2.64120825	1.01927363689396	1.62193461310604
"Bever_random_6_14"	0	1	0	1	1	0	1	0	1	1	1	0	0	0	0	0	0	0	0	0	0	0	0	1	0	0	0	0	0	0	1.664831	2.736537125	0.952083085596776	1.78445403940322
"Bever_random_7_14"	1	0	0	1	0	0	0	0	1	1	0	0	0	0	0	0	0	1	0	0	0	0	0	1	0	0	0	0	0	0	1.385474	3.36914366666667	1.41094800774803	1.95819565891864
"Bever_random_8_14"	1	1	0	1	1	0	0	0	1	1	1	1	0	0	0	0	0	1	0	0	0	0	0	0	0	0	0	0	0	0	1.672146	2.44720055555556	0.85883731298116	1.5883632425744
"Bever_random_9_14"	1	1	0	0	0	1	1	0	0	0	1	0	0	0	0	0	0	0	0	0	0	0	0	1	0	0	0	0	0	0	1.70281	4.01661366666667	0.593975916340849	3.42263775032582
"Bever_random_10_14"	1	1	0	1	1	1	0	0	0	0	1	0	0	0	0	0	0	1	0	0	0	0	0	1	0	0	0	0	0	0	1.686786	2.84075175	1.27203055645603	1.56872119354397
"Bever_random_11_14"	1	1	0	0	0	0	1	0	0	1	0	1	0	0	0	0	0	1	0	0	0	0	0	1	0	0	0	0	0	0	1.379993	2.61327557142857	-0.198484195037116	2.81175976646569
"Bever_random_12_14"	1	0	0	0	1	1	1	0	0	1	1	1	0	0	0	0	0	1	0	0	0	0	0	0	0	0	0	0	0	0	1.671448	2.669931625	0.98353932370197	1.68639230129803
"Bever_random_13_14"	1	1	0	0	1	1	0	0	0	1	0	1	0	0	0	0	0	1	0	0	0	0	0	1	0	0	0	0	0	0	1.60465	2.505022375	1.17025951605713	1.33476285894287
"Bever_random_14_14"	0	1	0	1	0	1	1	0	1	1	1	1	0	0	0	0	0	0	0	0	0	0	0	0	0	0	0	0	0	0	1.596317	2.523114	0.217798303126863	2.30531569687314
"Bever_random_15_14"	0	1	0	1	1	1	1	0	0	0	0	1	0	0	0	0	0	1	0	0	0	0	0	0	0	0	0	0	0	0	1.608161	2.89233314285714	1.0227624675471	1.86957067531004
"Bever_random_16_14"	0	1	0	1	1	0	1	0	0	1	0	0	0	0	0	0	0	0	0	0	0	0	0	0	0	0	0	0	0	0	1.586989	4.3922094	1.21282571605266	3.17938368394734
"Bever_random_17_14"	1	0	0	0	1	1	0	0	1	1	1	1	0	0	0	0	0	0	0	0	0	0	0	1	0	0	0	0	0	0	1.684232	2.796377625	1.02961797988235	1.76675964511765
"Bever_random_18_14"	0	0	0	1	1	0	1	0	0	1	1	0	0	0	0	0	0	0	0	0	0	0	0	1	0	0	0	0	0	0	1.48641	3.54470433333333	1.20942250431458	2.33528182901875
"Bever_random_19_14"	1	1	0	1	0	0	0	0	1	0	0	1	0	0	0	0	0	1	0	0	0	0	0	1	0	0	0	0	0	0	1.435284	2.90951642857143	1.01356891478107	1.89594751379036
"Bever_random_20_14"	1	1	0	0	1	0	1	0	0	1	0	1	0	0	0	0	0	1	0	0	0	0	0	0	0	0	0	0	0	0	1.544717	2.83135771428571	1.2086030551524	1.62275465913332
"Bever_random_21_14"	1	0	0	1	0	0	0	0	0	1	0	1	0	0	0	0	0	0	0	0	0	0	0	1	0	0	0	0	0	0	1.069	3.2816136	-0.546111095487389	3.82772469548739
"Bever_random_22_14"	1	1	0	1	1	1	0	0	1	1	0	0	0	0	0	0	0	1	0	0	0	0	0	0	0	0	0	0	0	0	1.709653	2.663774375	0.512626470151927	2.15114790484807
"Bever_random_23_14"	1	1	0	1	1	1	0	0	1	1	0	1	0	0	0	0	0	0	0	0	0	0	0	1	0	0	0	0	0	0	1.730402	2.43761322222222	0.957076717269298	1.48053650495292
"Bever_random_24_14"	0	1	0	1	1	1	1	0	1	0	0	1	0	0	0	0	0	1	0	0	0	0	0	1	0	0	0	0	0	0	1.694033	2.26760922222222	0.691041948542531	1.57656727367969
"Bever_random_25_14"	0	0	0	1	0	0	1	0	1	0	0	1	0	0	0	0	0	0	0	0	0	0	0	0	0	0	0	0	0	0	1.306476	4.87358075	1.72924639769102	3.14433435230898
"Bever_random_26_14"	1	0	0	0	1	1	1	0	1	1	0	0	0	0	0	0	0	1	0	0	0	0	0	1	0	0	0	0	0	0	1.713365	2.6566465	0.697972662160676	1.95867383783932
"Bever_random_27_14"	0	0	0	0	0	0	1	0	0	0	1	1	0	0	0	0	0	1	0	0	0	0	0	1	0	0	0	0	0	0	1.480217	4.4786882	-0.143805343247905	4.6224935432479
"Bever_random_28_14"	0	1	0	0	1	1	0	0	0	1	0	0	0	0	0	0	0	1	0	0	0	0	0	1	0	0	0	0	0	0	1.618797	3.47415	0.979903730024754	2.49424626997525
"Bever_random_29_14"	1	0	0	1	1	1	1	0	0	0	0	1	0	0	0	0	0	1	0	0	0	0	0	1	0	0	0	0	0	0	1.688866	2.81874	1.50879203059402	1.30994796940598
"Bever_random_30_14"	1	1	0	1	0	0	1	0	0	0	1	0	0	0	0	0	0	1	0	0	0	0	0	1	0	0	0	0	0	0	1.470155	3.016458	-2.22516900660017	5.24162700660017
