"assemblage"	"AVir"	"PMon"	"TBac"	"AAlb"	"PCem"	"LDec"	"BPen"	"QRob"	"PAbi"	"PSyl"	"PNig"	"AInc"	"UGla"	"TPla"	"AGlu"	"QPub"	"SAri"	"PTre"	"APla"	"TCor"	"SAlb"	"QPet"	"CAve"	"SAuc"	"FSyl"	"ACam"	"CSat"	"APse"	"FExc"	"CBet"	"productivity"	"DeltaY"	"Selection"	"Complementarity"
"Cottbus_increasing_11"	1	1	1	1	1	1	1	1	1	1	1	1	1	1	1	1	1	1	1	1	0	0	0	0	0	0	0	0	0	0	1.836982	1.3719743	0.165658420873441	1.20631587912656
"Cottbus_decreasing_11"	0	0	0	0	0	0	0	0	0	0	1	1	1	1	1	1	1	1	1	1	1	1	1	1	1	1	1	1	1	1	1.641343	1.2869234	0.413498361756142	0.873425038243858
"Cottbus_random_1_11"	1	1	1	1	1	0	0	1	1	0	1	1	1	1	0	0	1	1	1	1	0	1	0	0	1	0	0	1	1	1	1.954155	1.605618	0.570677795735226	1.03494020426477
"Cottbus_random_2_11"	1	0	1	1	0	1	1	0	1	0	0	0	1	1	0	1	1	0	1	1	0	1	0	1	1	1	1	1	1	1	1.633053	1.246846	0.492378124217883	0.754467875782117
"Cottbus_random_3_11"	0	1	0	1	1	1	0	0	0	0	1	1	1	1	0	1	0	1	0	1	1	1	1	1	1	1	0	1	1	1	1.679726	1.2613058	-0.423120734270312	1.68442653427031
"Cottbus_random_4_11"	1	1	0	0	1	0	1	1	1	1	1	1	0	1	1	0	1	0	0	1	1	0	1	1	0	0	1	1	1	1	1.872703	1.48329585	0.61780746583152	0.86548838416848
"Cottbus_random_5_11"	0	1	0	1	1	1	1	1	0	1	0	1	1	1	1	1	0	1	1	0	1	0	1	1	0	0	1	1	0	1	1.929671	1.4239574	0.495089894407441	0.928867505592559
"Cottbus_random_6_11"	1	1	1	1	1	0	1	1	1	1	1	0	1	1	0	0	1	0	1	0	0	1	1	1	0	0	1	1	0	1	1.889217	1.4734842	0.706259403771001	0.767224796228999
"Cottbus_random_7_11"	1	1	0	1	0	0	1	1	1	1	0	0	0	1	1	0	1	1	0	0	1	1	1	1	1	1	1	0	1	1	1.952783	1.51702755	0.532295392288488	0.984732157711512
"Cottbus_random_8_11"	1	1	0	1	1	1	0	1	1	1	1	1	0	0	1	0	1	1	0	1	1	0	0	0	0	1	1	1	1	1	1.888188	1.41626895	0.390466792884071	1.02580215711593
"Cottbus_random_9_11"	1	1	0	0	0	1	1	1	1	0	1	0	1	1	1	1	1	0	0	0	1	1	1	1	1	1	1	0	1	0	1.980959	1.507936	0.360316731489649	1.14761926851035
"Cottbus_random_10_11"	1	1	0	1	1	1	0	0	0	0	1	0	1	1	1	1	1	1	0	1	1	1	1	1	1	1	0	0	0	1	1.665819	1.23970285	-0.446510350987975	1.68621320098797
"Cottbus_random_11_11"	1	1	0	0	1	0	1	0	0	1	0	1	1	0	1	1	1	1	0	1	0	1	1	1	1	1	1	1	1	0	1.706823	1.21302255	0.42704636592681	0.78597618407319
"Cottbus_random_12_11"	1	0	1	0	1	1	1	0	0	1	1	1	1	1	1	1	0	1	1	1	0	0	1	0	1	0	1	1	1	0	1.639027	1.24770275	0.407240500570796	0.840462249429204
"Cottbus_random_13_11"	1	1	1	0	1	1	0	1	0	1	0	1	1	1	0	1	0	1	1	1	0	0	1	1	0	0	1	1	1	1	1.918787	1.37623445	0.581544658387943	0.794689791612057
"Cottbus_random_14_11"	0	1	1	1	1	1	1	1	1	1	1	1	1	1	0	0	0	1	0	1	1	1	1	0	1	0	1	0	0	0	1.956553	1.44917105	0.424371625846218	1.02479942415378
"Cottbus_random_15_11"	1	1	1	1	1	1	1	1	1	0	0	1	1	0	1	1	1	1	1	0	0	1	1	0	0	1	0	0	0	1	2.100761	1.65270435	0.491895827552397	1.1608085224476
"Cottbus_random_16_11"	0	1	0	1	1	0	1	1	0	1	0	1	1	0	1	0	0	0	1	1	1	1	1	1	1	0	1	1	1	1	1.921712	1.4692714	0.546827954488657	0.922443445511343
"Cottbus_random_17_11"	1	0	1	1	1	1	0	0	1	1	1	1	0	0	0	0	1	0	1	0	1	1	1	1	0	1	1	1	1	1	1.599777	1.25994195	0.485689537160004	0.774252412839996
"Cottbus_random_18_11"	1	0	1	1	1	0	1	1	0	1	1	0	1	1	1	1	1	0	0	0	0	1	1	1	1	1	1	0	1	0	1.916849	1.4722404	0.521143305580653	0.951097094419348
"Cottbus_random_19_11"	1	1	1	1	0	0	0	1	1	0	1	1	1	1	1	1	1	1	1	0	1	1	1	1	1	0	0	0	0	0	2.053335	1.6912951	0.352926030198549	1.33836906980145
"Cottbus_random_20_11"	1	1	1	1	1	0	1	1	0	1	1	1	1	1	1	0	0	1	1	0	0	0	1	0	1	0	1	1	1	0	1.923244	1.5657974	0.713580001535799	0.852217398464201
"Cottbus_random_21_11"	1	0	1	1	0	1	1	0	0	1	0	1	1	1	1	0	1	1	1	1	0	0	1	1	0	0	1	1	1	1	1.563392	1.254731	0.684942663816525	0.569788336183475
"Cottbus_random_22_11"	1	1	1	1	1	1	0	1	1	1	1	1	0	1	1	1	1	1	1	0	1	0	1	0	0	0	1	0	0	0	1.841978	1.35486665	0.32182480069012	1.03304184930988
"Cottbus_random_23_11"	1	1	0	1	1	1	1	0	1	1	0	1	1	1	0	0	1	0	1	1	1	0	1	1	0	1	1	0	0	1	1.569421	1.1883706	0.586239606779943	0.602130993220057
"Cottbus_random_24_11"	1	1	0	1	1	1	1	0	1	0	0	1	1	0	1	0	0	1	0	1	1	1	1	1	0	1	1	1	1	0	1.541456	1.1631642	0.362251016553904	0.800913183446096
"Cottbus_random_25_11"	0	0	1	1	0	0	1	1	1	0	1	1	1	1	1	1	1	0	1	1	0	1	1	0	1	0	0	1	1	1	1.942354	1.6221032	0.561800178031487	1.06030302196851
"Cottbus_random_26_11"	1	1	1	0	1	1	1	1	1	1	0	0	1	0	1	1	1	1	0	1	0	0	0	1	1	0	1	1	1	0	1.947747	1.3939269	0.423127064313374	0.970799835686626
"Cottbus_random_27_11"	1	0	1	0	0	0	1	1	0	0	1	1	0	1	0	1	1	1	0	1	0	1	1	1	1	1	1	1	1	1	1.964215	1.53178385	0.745098640406714	0.786685209593286
"Cottbus_random_28_11"	0	1	1	0	1	1	0	0	0	1	0	1	0	0	1	0	1	1	1	1	1	1	1	1	1	1	1	1	0	1	1.683098	1.20436375	0.345353561056879	0.859010188943121
"Cottbus_random_29_11"	1	0	0	1	1	1	1	0	0	1	0	1	0	1	1	1	1	1	0	0	0	1	1	1	1	1	0	1	1	1	1.920208	1.52450395	-0.173445871717128	1.69794982171713
"Cottbus_random_30_11"	1	1	1	1	0	1	1	0	0	0	1	0	0	1	0	1	1	1	1	1	1	0	1	1	1	0	1	1	1	0	1.589743	1.20548195	0.404974156613464	0.800507793386536
