"assemblage"	"AVir"	"PMon"	"TBac"	"AAlb"	"PCem"	"LDec"	"BPen"	"QRob"	"PAbi"	"PSyl"	"PNig"	"AInc"	"UGla"	"TPla"	"AGlu"	"QPub"	"SAri"	"PTre"	"APla"	"TCor"	"SAlb"	"QPet"	"CAve"	"SAuc"	"FSyl"	"ACam"	"CSat"	"APse"	"FExc"	"CBet"	"productivity"	"DeltaY"	"Selection"	"Complementarity"
"Basel_increasing_12"	1	1	1	1	1	1	1	1	1	1	1	1	1	1	1	1	1	1	1	0	0	0	0	0	0	0	0	0	0	0	1.590685	0.650305473684211	0.0195827488913951	0.630722724792815
"Basel_increasing_13"	1	1	1	1	1	1	1	1	1	1	1	1	1	1	1	1	1	1	0	0	0	0	0	0	0	0	0	0	0	0	1.464949	0.523464722222222	-0.00650648120395864	0.529971203426181
"Basel_increasing_14"	1	1	1	1	1	1	1	1	1	1	1	1	1	1	1	1	1	0	0	0	0	0	0	0	0	0	0	0	0	0	1.590584	0.713604294117647	0.194525065523762	0.519079228593885
"Basel_increasing_15"	1	1	1	1	1	1	1	1	1	1	1	1	1	1	1	1	0	0	0	0	0	0	0	0	0	0	0	0	0	0	1.592647	0.7005755	0.196231064392226	0.504344435607774
"Basel_increasing_16"	1	1	1	1	1	1	1	1	1	1	1	1	1	1	1	0	0	0	0	0	0	0	0	0	0	0	0	0	0	0	1.526493	0.688424866666667	0.160828642897275	0.527596223769392
"Basel_increasing_17"	1	1	1	1	1	1	1	1	1	1	1	1	1	1	0	0	0	0	0	0	0	0	0	0	0	0	0	0	0	0	1.530885	0.640250071428571	0.179335889638406	0.460914181790165
"Basel_increasing_18"	1	1	1	1	1	1	1	1	1	1	1	1	1	0	0	0	0	0	0	0	0	0	0	0	0	0	0	0	0	0	1.69944	0.802173	0.245256002974092	0.556916997025908
"Basel_decreasing_12"	0	0	0	0	0	0	0	0	0	0	0	1	1	1	1	1	1	1	1	1	1	1	1	1	1	1	1	1	1	1	2.117873	1.09747431578947	0.695367915924397	0.402106399865077
"Basel_decreasing_13"	0	0	0	0	0	0	0	0	0	0	0	0	1	1	1	1	1	1	1	1	1	1	1	1	1	1	1	1	1	1	2.159201	1.09462094444444	0.641021317236087	0.453599627208357
"Basel_decreasing_14"	0	0	0	0	0	0	0	0	0	0	0	0	0	1	1	1	1	1	1	1	1	1	1	1	1	1	1	1	1	1	2.084173	1.02038523529412	0.655413281361854	0.364971953932264
"Basel_decreasing_15"	0	0	0	0	0	0	0	0	0	0	0	0	0	0	1	1	1	1	1	1	1	1	1	1	1	1	1	1	1	1	2.126565	1.046566625	0.645371192501768	0.401195432498232
"Basel_decreasing_16"	0	0	0	0	0	0	0	0	0	0	0	0	0	0	0	1	1	1	1	1	1	1	1	1	1	1	1	1	1	1	2.154684	1.0094946	0.622623529353644	0.386871070646356
"Basel_decreasing_17"	0	0	0	0	0	0	0	0	0	0	0	0	0	0	0	0	1	1	1	1	1	1	1	1	1	1	1	1	1	1	2.137274	1.0318655	0.649472146135007	0.382393353864994
"Basel_decreasing_18"	0	0	0	0	0	0	0	0	0	0	0	0	0	0	0	0	0	1	1	1	1	1	1	1	1	1	1	1	1	1	2.143256	1.00170153846154	0.5879615211829	0.413740017278638
"Basel_random_1_12"	1	0	1	1	1	0	0	1	1	0	1	1	1	1	0	0	1	1	1	1	0	1	0	0	1	0	0	1	1	1	2.437157	1.42368257894737	0.895989218147124	0.527693360800245
"Basel_random_1_13"	1	0	1	1	0	0	0	1	1	0	1	1	1	1	0	0	1	1	1	1	0	1	0	0	1	0	0	1	1	1	2.425644	1.38450683333333	0.860619792465545	0.523887040867788
"Basel_random_1_14"	0	0	1	1	0	0	0	1	1	0	1	1	1	1	0	0	1	1	1	1	0	1	0	0	1	0	0	1	1	1	2.389456	1.28719970588235	0.704623968269253	0.5825757376131
"Basel_random_1_15"	0	0	0	1	0	0	0	1	1	0	1	1	1	1	0	0	1	1	1	1	0	1	0	0	1	0	0	1	1	1	2.381724	1.26336675	0.700660863088827	0.562705886911173
"Basel_random_1_16"	0	0	0	1	0	0	0	1	1	0	1	1	1	1	0	0	1	1	1	1	0	1	0	0	0	0	0	1	1	1	1.820005	0.793365733333333	0.330023625322246	0.463342108011088
"Basel_random_1_17"	0	0	0	1	0	0	0	1	1	0	1	1	0	1	0	0	1	1	1	1	0	1	0	0	0	0	0	1	1	1	1.841829	0.818861857142857	0.313232713881568	0.505629143261289
"Basel_random_1_18"	0	0	0	1	0	0	0	1	1	0	1	1	0	0	0	0	1	1	1	1	0	1	0	0	0	0	0	1	1	1	1.758312	0.718533384615385	0.293597574442019	0.424935810173366
"Basel_random_2_12"	1	0	1	1	0	1	1	0	1	0	0	0	1	0	0	1	1	0	1	1	0	1	0	1	1	1	1	1	1	1	2.143312	1.00354505263158	0.592389925840996	0.411155126790584
"Basel_random_2_13"	1	0	1	1	0	1	1	0	1	0	0	0	1	0	0	1	1	0	1	1	0	1	0	0	1	1	1	1	1	1	2.097869	0.917629888888889	0.526572252548196	0.391057636340693
"Basel_random_2_14"	1	0	1	1	0	1	0	0	1	0	0	0	1	0	0	1	1	0	1	1	0	1	0	0	1	1	1	1	1	1	2.174766	1.01813305882353	0.61305433147915	0.405078727344379
"Basel_random_2_15"	1	0	1	1	0	1	0	0	1	0	0	0	1	0	0	1	0	0	1	1	0	1	0	0	1	1	1	1	1	1	2.138724	0.9495209375	0.523017281009119	0.426503656490881
"Basel_random_2_16"	1	0	0	1	0	1	0	0	1	0	0	0	1	0	0	1	0	0	1	1	0	1	0	0	1	1	1	1	1	1	2.12508	0.912906133333333	0.445376084309786	0.467530049023548
"Basel_random_2_17"	0	0	0	1	0	1	0	0	1	0	0	0	1	0	0	1	0	0	1	1	0	1	0	0	1	1	1	1	1	1	2.164447	0.865840142857143	0.350780549009777	0.515059593847366
"Basel_random_2_18"	0	0	0	1	0	1	0	0	1	0	0	0	1	0	0	1	0	0	1	1	0	1	0	0	0	1	1	1	1	1	1.648523	0.441879230769231	0.0900302467171651	0.351848984052065
"Basel_random_3_12"	0	1	0	1	1	1	0	0	0	0	1	1	1	1	0	1	0	1	0	0	1	1	1	1	1	1	0	1	1	1	2.558768	1.52062115789474	0.862501677205104	0.658119480689632
"Basel_random_3_13"	0	1	0	1	1	1	0	0	0	0	1	1	1	1	0	1	0	1	0	0	1	1	1	1	1	1	0	0	1	1	2.61101	1.58153727777778	0.871307680252671	0.710229597525107
"Basel_random_3_14"	0	1	0	1	1	1	0	0	0	0	1	1	1	1	0	1	0	1	0	0	1	1	1	1	1	1	0	0	0	1	2.57853	1.55448570588235	0.886368477169127	0.668117228713225
"Basel_random_3_15"	0	1	0	1	1	1	0	0	0	0	1	1	1	1	0	1	0	1	0	0	1	1	1	1	0	1	0	0	0	1	2.02593	1.093765875	0.466630059089906	0.627135815910094
"Basel_random_3_16"	0	1	0	1	1	1	0	0	0	0	1	1	1	1	0	1	0	0	0	0	1	1	1	1	0	1	0	0	0	1	1.962528	1.1040904	0.553609178596196	0.550481221403804
"Basel_random_3_17"	0	1	0	1	1	1	0	0	0	0	1	1	1	1	0	1	0	0	0	0	1	0	1	1	0	1	0	0	0	1	1.48975	0.7012505	0.140756357391691	0.560494142608309
"Basel_random_3_18"	0	1	0	1	1	0	0	0	0	0	1	1	1	1	0	1	0	0	0	0	1	0	1	1	0	1	0	0	0	1	1.494207	0.805292538461539	0.28208966914464	0.523202869316899
"Basel_random_4_12"	1	1	0	0	1	0	1	1	1	1	1	1	0	1	1	0	1	0	0	1	1	0	1	1	0	0	0	1	1	1	1.614922	0.839563	0.503442947870432	0.336120052129568
"Basel_random_4_13"	1	1	0	0	1	0	1	1	1	0	1	1	0	1	1	0	1	0	0	1	1	0	1	1	0	0	0	1	1	1	1.542155	0.802420166666667	0.511594042903638	0.290826123763029
"Basel_random_4_14"	1	1	0	0	1	0	1	1	1	0	1	1	0	1	1	0	0	0	0	1	1	0	1	1	0	0	0	1	1	1	1.613417	0.867551352941176	0.546802741319575	0.320748611621602
"Basel_random_4_15"	1	1	0	0	1	0	1	1	1	0	1	1	0	1	1	0	0	0	0	1	1	0	0	1	0	0	0	1	1	1	1.597407	0.80729625	0.477117555560913	0.330178694439087
"Basel_random_4_16"	1	1	0	0	1	0	1	1	1	0	1	1	0	1	1	0	0	0	0	1	0	0	0	1	0	0	0	1	1	1	1.627986	0.796567466666667	0.465313228357415	0.331254238309252
"Basel_random_4_17"	1	1	0	0	1	0	1	1	1	0	0	1	0	1	1	0	0	0	0	1	0	0	0	1	0	0	0	1	1	1	1.638084	0.756143642857143	0.396725514772589	0.359418128084554
"Basel_random_4_18"	1	1	0	0	1	0	0	1	1	0	0	1	0	1	1	0	0	0	0	1	0	0	0	1	0	0	0	1	1	1	1.571976	0.743851307692308	0.446095882445923	0.297755425246385
"Basel_random_5_12"	0	1	0	1	1	1	1	1	0	0	0	1	1	1	1	1	0	1	1	0	1	0	1	1	0	0	1	1	0	1	1.521579	0.534327368421053	0.231984023392476	0.302343345028577
"Basel_random_5_13"	0	1	0	1	1	1	1	1	0	0	0	1	1	1	1	1	0	1	1	0	1	0	1	1	0	0	1	0	0	1	1.454663	0.478913	0.204886865036584	0.274026134963416
"Basel_random_5_14"	0	1	0	1	1	1	1	1	0	0	0	1	1	0	1	1	0	1	1	0	1	0	1	1	0	0	1	0	0	1	1.508024	0.522195647058823	0.229378995197888	0.292816651860935
"Basel_random_5_15"	0	1	0	1	1	1	1	1	0	0	0	1	1	0	1	0	0	1	1	0	1	0	1	1	0	0	1	0	0	1	1.49258	0.55152	0.273565600519618	0.277954399480382
"Basel_random_5_16"	0	0	0	1	1	1	1	1	0	0	0	1	1	0	1	0	0	1	1	0	1	0	1	1	0	0	1	0	0	1	1.447227	0.5225636	0.267006680606617	0.255556919393383
"Basel_random_5_17"	0	0	0	1	0	1	1	1	0	0	0	1	1	0	1	0	0	1	1	0	1	0	1	1	0	0	1	0	0	1	1.548715	0.594828857142857	0.285585833787382	0.309243023355476
"Basel_random_5_18"	0	0	0	1	0	1	1	1	0	0	0	1	1	0	1	0	0	1	1	0	0	0	1	1	0	0	1	0	0	1	1.50424	0.490092923076923	0.188471370815087	0.301621552261836
"Basel_random_6_12"	0	1	1	1	1	0	1	1	1	1	1	0	1	1	0	0	1	0	1	0	0	1	1	1	0	0	1	1	0	1	1.669134	0.710623157894737	0.397370248971579	0.313252908923158
"Basel_random_6_13"	0	1	1	1	1	0	1	0	1	1	1	0	1	1	0	0	1	0	1	0	0	1	1	1	0	0	1	1	0	1	1.638862	0.708869722222222	0.380369198662331	0.328500523559891
"Basel_random_6_14"	0	1	1	1	1	0	1	0	1	1	1	0	1	1	0	0	0	0	1	0	0	1	1	1	0	0	1	1	0	1	1.651112	0.703797294117647	0.38562916574354	0.318168128374107
"Basel_random_6_15"	0	1	1	1	1	0	1	0	1	0	1	0	1	1	0	0	0	0	1	0	0	1	1	1	0	0	1	1	0	1	1.584151	0.66616625	0.404418400978979	0.261747849021021
"Basel_random_6_16"	0	1	1	1	1	0	1	0	1	0	0	0	1	1	0	0	0	0	1	0	0	1	1	1	0	0	1	1	0	1	1.595213	0.624303466666667	0.345046168450715	0.279257298215952
"Basel_random_6_17"	0	1	1	1	0	0	1	0	1	0	0	0	1	1	0	0	0	0	1	0	0	1	1	1	0	0	1	1	0	1	1.577102	0.573666428571429	0.30947848353128	0.264187945040148
"Basel_random_6_18"	0	1	1	1	0	0	1	0	1	0	0	0	1	0	0	0	0	0	1	0	0	1	1	1	0	0	1	1	0	1	1.614486	0.595741384615385	0.311540852542169	0.284200532073215
"Basel_random_7_12"	1	1	0	1	0	0	1	1	1	1	0	0	0	1	1	0	1	1	0	0	1	0	1	1	1	1	1	0	1	1	2.050032	1.08904552631579	0.704495046441272	0.384550479874517
"Basel_random_7_13"	1	0	0	1	0	0	1	1	1	1	0	0	0	1	1	0	1	1	0	0	1	0	1	1	1	1	1	0	1	1	1.98594	1.03751033333333	0.70987219898427	0.327638134349063
"Basel_random_7_14"	1	0	0	1	0	0	0	1	1	1	0	0	0	1	1	0	1	1	0	0	1	0	1	1	1	1	1	0	1	1	1.992805	1.08161735294118	0.763130490959524	0.318486861981653
"Basel_random_7_15"	1	0	0	1	0	0	0	1	1	1	0	0	0	1	1	0	1	1	0	0	1	0	1	0	1	1	1	0	1	1	2.040905	1.098472375	0.71522061994094	0.38325175505906
"Basel_random_7_16"	1	0	0	1	0	0	0	1	1	1	0	0	0	1	1	0	1	1	0	0	1	0	1	0	1	0	1	0	1	1	1.93202	0.968961666666667	0.677142799926423	0.291818866740244
"Basel_random_7_17"	1	0	0	1	0	0	0	1	1	1	0	0	0	1	1	0	1	1	0	0	1	0	0	0	1	0	1	0	1	1	2.017494	0.988356071428571	0.627832707013792	0.360523364414779
"Basel_random_7_18"	1	0	0	1	0	0	0	1	1	1	0	0	0	1	1	0	1	1	0	0	1	0	0	0	1	0	0	0	1	1	2.499439	1.48095115384615	0.849383012698152	0.631568141148002
"Basel_random_8_12"	1	1	0	1	1	1	0	1	1	1	1	1	0	0	1	0	1	1	0	1	1	0	0	0	0	1	1	0	1	1	1.536809	0.650366684210526	0.368834910635831	0.281531773574695
"Basel_random_8_13"	1	1	0	1	1	0	0	1	1	1	1	1	0	0	1	0	1	1	0	1	1	0	0	0	0	1	1	0	1	1	1.505293	0.685331944444445	0.377024568143199	0.308307376301246
"Basel_random_8_14"	1	1	0	1	1	0	0	1	1	1	1	1	0	0	1	0	1	1	0	1	1	0	0	0	0	0	1	0	1	1	1.534898	0.703942	0.416098649748744	0.287843350251256
"Basel_random_8_15"	1	1	0	1	1	0	0	1	1	1	0	1	0	0	1	0	1	1	0	1	1	0	0	0	0	0	1	0	1	1	1.473704	0.5985703125	0.371427003614011	0.227143308885989
"Basel_random_8_16"	1	1	0	1	1	0	0	1	0	1	0	1	0	0	1	0	1	1	0	1	1	0	0	0	0	0	1	0	1	1	1.425472	0.553099066666667	0.356504890132017	0.19659417653465
"Basel_random_8_17"	1	1	0	1	1	0	0	1	0	1	0	1	0	0	1	0	1	0	0	1	1	0	0	0	0	0	1	0	1	1	1.500137	0.711027571428571	0.471719701603755	0.239307869824816
"Basel_random_8_18"	1	1	0	0	1	0	0	1	0	1	0	1	0	0	1	0	1	0	0	1	1	0	0	0	0	0	1	0	1	1	1.529088	0.696065153846154	0.502250729091668	0.193814424754486
"Basel_random_9_12"	1	1	0	0	0	1	1	1	0	0	1	0	1	1	1	1	1	0	0	0	1	1	1	1	1	1	1	0	1	0	2.063336	1.08198036842105	0.698676444407896	0.383303924013157
"Basel_random_9_13"	1	1	0	0	0	1	1	1	0	0	1	0	1	0	1	1	1	0	0	0	1	1	1	1	1	1	1	0	1	0	2.169837	1.1786515	0.743943226560393	0.434708273439607
"Basel_random_9_14"	1	1	0	0	0	1	1	1	0	0	1	0	1	0	1	1	1	0	0	0	1	1	1	1	1	1	0	0	1	0	2.407619	1.42681017647059	0.865827750158934	0.560982426311654
"Basel_random_9_15"	1	1	0	0	0	1	1	1	0	0	1	0	1	0	1	1	1	0	0	0	1	1	1	0	1	1	0	0	1	0	2.496334	1.479928875	0.874147031316042	0.605781843683958
"Basel_random_9_16"	1	1	0	0	0	1	1	1	0	0	1	0	1	0	1	1	1	0	0	0	1	1	1	0	1	0	0	0	1	0	2.417854	1.37589166666667	0.818765696650685	0.557125970015982
"Basel_random_9_17"	1	1	0	0	0	1	1	1	0	0	1	0	1	0	1	1	1	0	0	0	1	1	1	0	0	0	0	0	1	0	1.890308	0.952071714285714	0.482313593097753	0.469758121187961
"Basel_random_9_18"	1	1	0	0	0	1	1	1	0	0	1	0	1	0	1	1	1	0	0	0	1	1	0	0	0	0	0	0	1	0	1.832492	0.825002461538461	0.353502715891874	0.471499745646587
"Basel_random_10_12"	1	1	0	1	1	1	0	0	0	0	1	0	1	1	1	1	1	1	0	1	1	0	1	1	1	1	0	0	0	1	2.452878	1.55546384210526	0.909649894453749	0.645813947651514
"Basel_random_10_13"	1	1	0	1	1	1	0	0	0	0	1	0	1	1	0	1	1	1	0	1	1	0	1	1	1	1	0	0	0	1	2.469313	1.52771655555556	0.864754671145992	0.662961884409563
"Basel_random_10_14"	1	1	0	1	1	1	0	0	0	0	1	0	1	1	0	1	0	1	0	1	1	0	1	1	1	1	0	0	0	1	2.462207	1.50260552941176	0.83069404591467	0.671911483497095
"Basel_random_10_15"	1	1	0	1	1	1	0	0	0	0	1	0	1	1	0	1	0	1	0	1	1	0	1	0	1	1	0	0	0	1	2.415231	1.4213586875	0.756506531393708	0.664852156106292
"Basel_random_10_16"	1	1	0	1	1	1	0	0	0	0	1	0	1	1	0	1	0	1	0	1	0	0	1	0	1	1	0	0	0	1	2.404057	1.3552928	0.725818109693929	0.629474690306071
"Basel_random_10_17"	1	1	0	1	1	1	0	0	0	0	1	0	1	1	0	0	0	1	0	1	0	0	1	0	1	1	0	0	0	1	2.412691	1.41059521428571	0.81355028830234	0.597044925983374
"Basel_random_10_18"	1	1	0	0	1	1	0	0	0	0	1	0	1	1	0	0	0	1	0	1	0	0	1	0	1	1	0	0	0	1	2.479982	1.41758923076923	0.866539488044758	0.551049742724473
"Basel_random_11_12"	1	1	0	0	0	0	1	0	0	1	0	1	1	0	1	1	1	1	0	1	0	1	1	1	1	1	1	1	1	0	2.118505	1.07477247368421	0.69035346774577	0.38441900593844
"Basel_random_11_13"	1	1	0	0	0	0	1	0	0	1	0	1	0	0	1	1	1	1	0	1	0	1	1	1	1	1	1	1	1	0	2.040698	0.998871944444444	0.663261365655416	0.335610578789029
"Basel_random_11_14"	1	1	0	0	0	0	1	0	0	1	0	1	0	0	1	1	1	1	0	1	0	1	0	1	1	1	1	1	1	0	2.01358	0.91270205882353	0.570215041009534	0.342487017813995
"Basel_random_11_15"	1	1	0	0	0	0	1	0	0	1	0	1	0	0	1	1	1	1	0	0	0	1	0	1	1	1	1	1	1	0	1.978596	0.86922975	0.555974638251436	0.313255111748564
"Basel_random_11_16"	1	1	0	0	0	0	1	0	0	1	0	0	0	0	1	1	1	1	0	0	0	1	0	1	1	1	1	1	1	0	2.103006	0.934690933333333	0.561839496524927	0.372851436808406
"Basel_random_11_17"	1	1	0	0	0	0	1	0	0	1	0	0	0	0	1	1	1	1	0	0	0	1	0	1	1	1	1	1	0	0	2.02748	0.855839285714286	0.542427745926391	0.313411539787895
"Basel_random_11_18"	1	1	0	0	0	0	1	0	0	1	0	0	0	0	1	0	1	1	0	0	0	1	0	1	1	1	1	1	0	0	2.092785	0.961950538461538	0.615286198497374	0.346664339964164
"Basel_random_12_12"	1	0	1	0	1	1	1	0	0	1	1	1	1	1	1	1	0	1	1	0	0	0	1	0	1	0	1	1	1	0	1.926376	0.902493736842105	0.557088666281396	0.345405070560709
"Basel_random_12_13"	1	0	1	0	1	1	1	0	0	1	1	1	1	1	1	1	0	1	1	0	0	0	1	0	1	0	0	1	1	0	2.431145	1.41524644444444	0.73150283751198	0.683743606932464
"Basel_random_12_14"	1	0	0	0	1	1	1	0	0	1	1	1	1	1	1	1	0	1	1	0	0	0	1	0	1	0	0	1	1	0	2.472469	1.44649647058824	0.782152777937475	0.66434369265076
"Basel_random_12_15"	1	0	0	0	1	1	1	0	0	1	1	1	1	1	1	1	0	1	1	0	0	0	1	0	0	0	0	1	1	0	1.426399	0.492186125	-0.0188773493997811	0.511063474399781
"Basel_random_12_16"	1	0	0	0	1	1	1	0	0	1	1	1	1	0	1	1	0	1	1	0	0	0	1	0	0	0	0	1	1	0	1.620808	0.677942133333333	0.0479386064480333	0.6300035268853
"Basel_random_12_17"	1	0	0	0	1	1	1	0	0	1	1	1	1	0	1	1	0	1	1	0	0	0	0	0	0	0	0	1	1	0	1.644223	0.636719857142857	-0.039946719265841	0.676666576408698
"Basel_random_12_18"	1	0	0	0	1	1	1	0	0	1	1	1	1	0	1	0	0	1	1	0	0	0	0	0	0	0	0	1	1	0	1.63141	0.677339076923077	0.0680232417537646	0.609315835169312
"Basel_random_13_12"	1	1	1	0	1	1	0	0	0	1	0	1	1	1	0	1	0	1	1	1	0	0	1	1	0	0	1	1	1	1	1.358959	0.329290684210526	0.157562055050272	0.171728629160254
"Basel_random_13_13"	1	1	1	0	1	1	0	0	0	1	0	1	1	1	0	1	0	1	1	1	0	0	0	1	0	0	1	1	1	1	1.360649	0.275884888888889	0.100817855859342	0.175067033029547
"Basel_random_13_14"	1	1	1	0	1	1	0	0	0	1	0	1	1	1	0	1	0	1	1	1	0	0	0	1	0	0	1	1	0	1	1.375353	0.292764882352941	0.111110396110349	0.181654486242592
"Basel_random_13_15"	1	1	1	0	1	1	0	0	0	1	0	1	1	1	0	1	0	1	1	1	0	0	0	1	0	0	1	0	0	1	1.310843	0.2352356875	0.108570874037307	0.126664813462693
"Basel_random_13_16"	1	1	1	0	1	1	0	0	0	1	0	1	1	1	0	0	0	1	1	1	0	0	0	1	0	0	1	0	0	1	1.311367	0.277527333333333	0.157474685866209	0.120052647467124
"Basel_random_13_17"	1	1	1	0	1	1	0	0	0	0	0	1	1	1	0	0	0	1	1	1	0	0	0	1	0	0	1	0	0	1	1.296948	0.290447928571429	0.184852187994847	0.105595740576582
"Basel_random_13_18"	1	1	1	0	1	1	0	0	0	0	0	1	1	1	0	0	0	1	1	1	0	0	0	1	0	0	1	0	0	0	1.226666	0.284935923076923	0.205960551458374	0.0789753716185491
"Basel_random_14_12"	0	1	1	1	1	1	1	1	1	1	1	1	1	1	0	0	0	1	0	1	1	1	1	0	0	0	1	0	0	0	1.612904	0.629561789473684	0.275366800496378	0.354194988977306
"Basel_random_14_13"	0	1	1	1	0	1	1	1	1	1	1	1	1	1	0	0	0	1	0	1	1	1	1	0	0	0	1	0	0	0	1.585686	0.576355055555556	0.222573360447222	0.353781695108334
"Basel_random_14_14"	0	1	1	1	0	1	1	1	1	1	1	1	1	1	0	0	0	0	0	1	1	1	1	0	0	0	1	0	0	0	1.588856	0.640038647058824	0.27914755847787	0.360891088580953
"Basel_random_14_15"	0	1	1	1	0	1	1	1	1	1	1	1	1	1	0	0	0	0	0	0	1	1	1	0	0	0	1	0	0	0	1.60905	0.661248125	0.310473914537136	0.350774210462864
"Basel_random_14_16"	0	1	1	1	0	1	0	1	1	1	1	1	1	1	0	0	0	0	0	0	1	1	1	0	0	0	1	0	0	0	1.574443	0.6688906	0.400443246092274	0.268447353907726
"Basel_random_14_17"	0	1	1	1	0	1	0	1	1	1	1	0	1	1	0	0	0	0	0	0	1	1	1	0	0	0	1	0	0	0	1.603859	0.649705285714286	0.343400815075365	0.30630447063892
"Basel_random_14_18"	0	0	1	1	0	1	0	1	1	1	1	0	1	1	0	0	0	0	0	0	1	1	1	0	0	0	1	0	0	0	1.63648	0.700238230769231	0.35570837722325	0.344529853545981
"Basel_random_15_12"	1	1	1	1	1	1	1	1	0	0	0	1	1	0	1	1	1	1	1	0	0	1	1	0	0	1	0	0	0	1	2.028094	1.03006173684211	0.457143568069104	0.572918168773002
"Basel_random_15_13"	0	1	1	1	1	1	1	1	0	0	0	1	1	0	1	1	1	1	1	0	0	1	1	0	0	1	0	0	0	1	2.030682	0.977320833333333	0.338560680501127	0.638760152832206
"Basel_random_15_14"	0	1	1	1	1	1	1	1	0	0	0	1	1	0	1	1	0	1	1	0	0	1	1	0	0	1	0	0	0	1	1.975636	0.897695411764706	0.307201009850067	0.590494401914639
"Basel_random_15_15"	0	1	1	1	1	1	1	1	0	0	0	1	0	0	1	1	0	1	1	0	0	1	1	0	0	1	0	0	0	1	2.096029	1.0180951875	0.447584271497117	0.570510916002883
"Basel_random_15_16"	0	1	1	1	1	1	0	1	0	0	0	1	0	0	1	1	0	1	1	0	0	1	1	0	0	1	0	0	0	1	1.944797	0.9004372	0.383715542288344	0.516721657711656
"Basel_random_15_17"	0	1	1	1	1	1	0	1	0	0	0	1	0	0	1	1	0	1	1	0	0	1	0	0	0	1	0	0	0	1	2.048872	0.932625357142857	0.355352817377355	0.577272539765502
"Basel_random_15_18"	0	1	0	1	1	1	0	1	0	0	0	1	0	0	1	1	0	1	1	0	0	1	0	0	0	1	0	0	0	1	2.038977	0.901837615384615	0.325513401891463	0.576324213493152
"Basel_random_16_12"	0	1	0	1	1	0	1	1	0	1	0	1	1	0	1	0	0	0	1	1	1	1	1	0	1	0	1	1	1	1	2.189595	1.16044136842105	0.684414355041118	0.476027013379934
"Basel_random_16_13"	0	1	0	1	1	0	1	1	0	1	0	0	1	0	1	0	0	0	1	1	1	1	1	0	1	0	1	1	1	1	2.143283	1.06946161111111	0.634735338738039	0.434726272373072
"Basel_random_16_14"	0	1	0	1	1	0	1	1	0	1	0	0	0	0	1	0	0	0	1	1	1	1	1	0	1	0	1	1	1	1	2.16672	1.09314729411765	0.648218863892706	0.444928430224941
"Basel_random_16_15"	0	1	0	1	1	0	1	1	0	1	0	0	0	0	1	0	0	0	1	1	1	1	1	0	1	0	1	1	0	1	2.174323	1.10376175	0.626973976301932	0.476787773698068
"Basel_random_16_16"	0	1	0	1	1	0	1	1	0	1	0	0	0	0	1	0	0	0	0	1	1	1	1	0	1	0	1	1	0	1	2.108497	1.02793126666667	0.604618523750631	0.423312742916035
"Basel_random_16_17"	0	1	0	1	0	0	1	1	0	1	0	0	0	0	1	0	0	0	0	1	1	1	1	0	1	0	1	1	0	1	2.093694	0.972769642857143	0.566818126528193	0.40595151632895
"Basel_random_16_18"	0	1	0	1	0	0	1	1	0	1	0	0	0	0	1	0	0	0	0	1	1	1	0	0	1	0	1	1	0	1	2.171308	0.967077461538461	0.506635832442618	0.460441629095843
"Basel_random_17_12"	1	0	1	1	1	1	0	0	1	1	1	1	0	0	0	0	1	0	0	0	1	1	1	1	0	1	1	1	1	1	1.504226	0.693489421052631	0.467683602546289	0.225805818506342
"Basel_random_17_13"	1	0	1	0	1	1	0	0	1	1	1	1	0	0	0	0	1	0	0	0	1	1	1	1	0	1	1	1	1	1	1.563523	0.719869666666667	0.484847179893237	0.23502248677343
"Basel_random_17_14"	1	0	1	0	1	1	0	0	1	1	1	1	0	0	0	0	1	0	0	0	1	1	1	1	0	1	0	1	1	1	2.019382	1.19478370588235	0.81899652465108	0.375787181231273
"Basel_random_17_15"	1	0	1	0	1	1	0	0	1	1	1	1	0	0	0	0	1	0	0	0	1	1	1	1	0	1	0	1	1	0	1.95539	1.1947861875	0.787880879015154	0.406905308484846
"Basel_random_17_16"	1	0	1	0	1	1	0	0	1	1	1	1	0	0	0	0	1	0	0	0	1	0	1	1	0	1	0	1	1	0	1.594299	0.905493	0.373212944302519	0.532280055697481
"Basel_random_17_17"	1	0	1	0	1	1	0	0	1	1	1	1	0	0	0	0	1	0	0	0	1	0	0	1	0	1	0	1	1	0	1.576577	0.841280857142857	0.311453674727979	0.529827182414878
"Basel_random_17_18"	1	0	1	0	1	1	0	0	1	1	0	1	0	0	0	0	1	0	0	0	1	0	0	1	0	1	0	1	1	0	1.564019	0.781708769230769	0.30174780476696	0.479960964463809
"Basel_random_18_12"	0	0	1	1	1	0	1	1	0	1	1	0	1	1	1	1	1	0	0	0	0	1	1	1	1	1	1	0	1	0	2.127179	1.16938678947368	0.757064844506505	0.41232194496718
"Basel_random_18_13"	0	0	1	1	1	0	1	1	0	1	1	0	0	1	1	1	1	0	0	0	0	1	1	1	1	1	1	0	1	0	2.083038	1.13192672222222	0.730633303330503	0.401293418891719
"Basel_random_18_14"	0	0	1	1	1	0	1	1	0	1	1	0	0	1	1	1	0	0	0	0	0	1	1	1	1	1	1	0	1	0	2.159012	1.189336	0.753751290868621	0.435584709131379
"Basel_random_18_15"	0	0	1	1	1	0	1	1	0	0	1	0	0	1	1	1	0	0	0	0	0	1	1	1	1	1	1	0	1	0	2.089392	1.147648375	0.760244935781261	0.387403439218739
"Basel_random_18_16"	0	0	1	1	1	0	1	1	0	0	1	0	0	1	1	1	0	0	0	0	0	1	1	1	1	1	0	0	1	0	2.384928	1.45824073333333	0.914118182611323	0.544122550722011
"Basel_random_18_17"	0	0	1	1	1	0	1	1	0	0	1	0	0	1	1	1	0	0	0	0	0	1	1	1	0	1	0	0	1	0	1.72966	0.914932714285714	0.514170608177206	0.400762106108508
"Basel_random_18_18"	0	0	1	1	1	0	1	1	0	0	1	0	0	1	1	1	0	0	0	0	0	1	1	1	0	0	0	0	1	0	1.723399	0.894696307692308	0.483551475816509	0.411144831875798
"Basel_random_19_12"	1	1	1	1	0	0	0	1	1	0	1	1	1	1	1	1	1	1	0	0	1	1	1	1	1	0	0	0	0	0	2.440145	1.58218010526316	1.03793853136666	0.544241573896497
"Basel_random_19_13"	1	1	1	1	0	0	0	1	1	0	0	1	1	1	1	1	1	1	0	0	1	1	1	1	1	0	0	0	0	0	2.397741	1.49900655555556	0.997163180523317	0.501843375032238
"Basel_random_19_14"	1	1	1	1	0	0	0	1	1	0	0	1	1	0	1	1	1	1	0	0	1	1	1	1	1	0	0	0	0	0	2.392321	1.48803852941176	1.01052298109224	0.47751554831952
"Basel_random_19_15"	1	1	1	1	0	0	0	1	1	0	0	1	1	0	1	1	1	0	0	0	1	1	1	1	1	0	0	0	0	0	2.351681	1.51825975	1.07503687859456	0.443222871405445
"Basel_random_19_16"	1	1	1	1	0	0	0	1	1	0	0	1	0	0	1	1	1	0	0	0	1	1	1	1	1	0	0	0	0	0	2.467364	1.65025126666667	1.14007838750681	0.510172879159857
"Basel_random_19_17"	1	1	1	1	0	0	0	1	1	0	0	1	0	0	1	0	1	0	0	0	1	1	1	1	1	0	0	0	0	0	2.411101	1.65720321428571	1.23242374782238	0.424779466463332
"Basel_random_19_18"	1	1	1	1	0	0	0	1	1	0	0	1	0	0	1	0	1	0	0	0	0	1	1	1	1	0	0	0	0	0	2.432092	1.633317	1.23743488867537	0.395882111324634
"Basel_random_20_12"	1	1	1	1	1	0	1	1	0	1	1	1	0	1	1	0	0	1	1	0	0	0	1	0	1	0	1	1	1	0	1.96497	1.04562389473684	0.741423792808715	0.304200101928127
"Basel_random_20_13"	1	1	1	1	1	0	1	1	0	1	0	1	0	1	1	0	0	1	1	0	0	0	1	0	1	0	1	1	1	0	1.941527	0.978001277777778	0.642596957665557	0.335404320112221
"Basel_random_20_14"	1	1	1	0	1	0	1	1	0	1	0	1	0	1	1	0	0	1	1	0	0	0	1	0	1	0	1	1	1	0	1.950145	0.942778647058824	0.629849772046993	0.312928875011831
"Basel_random_20_15"	0	1	1	0	1	0	1	1	0	1	0	1	0	1	1	0	0	1	1	0	0	0	1	0	1	0	1	1	1	0	1.986654	0.91645925	0.563563628825654	0.352895621174346
"Basel_random_20_16"	0	1	1	0	0	0	1	1	0	1	0	1	0	1	1	0	0	1	1	0	0	0	1	0	1	0	1	1	1	0	1.982111	0.8749396	0.535551492546189	0.339388107453812
"Basel_random_20_17"	0	1	0	0	0	0	1	1	0	1	0	1	0	1	1	0	0	1	1	0	0	0	1	0	1	0	1	1	1	0	1.992302	0.866378428571429	0.516686879751072	0.349691548820356
"Basel_random_20_18"	0	0	0	0	0	0	1	1	0	1	0	1	0	1	1	0	0	1	1	0	0	0	1	0	1	0	1	1	1	0	1.960656	0.839431307692308	0.496366393970028	0.34306491372228
"Basel_random_21_12"	1	0	1	1	0	1	0	0	0	1	0	1	1	1	1	0	1	1	1	1	0	0	1	1	0	0	1	1	1	1	1.373402	0.472617736842105	0.237404598249463	0.235213138592643
"Basel_random_21_13"	1	0	1	1	0	1	0	0	0	1	0	1	1	1	1	0	1	0	1	1	0	0	1	1	0	0	1	1	1	1	1.368735	0.531132833333333	0.311825174134764	0.21930765919857
"Basel_random_21_14"	1	0	1	1	0	0	0	0	0	1	0	1	1	1	1	0	1	0	1	1	0	0	1	1	0	0	1	1	1	1	1.368055	0.603717705882353	0.405213629047648	0.198504076834705
"Basel_random_21_15"	1	0	1	1	0	0	0	0	0	1	0	1	1	1	0	0	1	0	1	1	0	0	1	1	0	0	1	1	1	1	1.327518	0.5217929375	0.363413056144791	0.158379881355209
"Basel_random_21_16"	1	0	1	1	0	0	0	0	0	1	0	1	0	1	0	0	1	0	1	1	0	0	1	1	0	0	1	1	1	1	1.292534	0.504963866666667	0.377870945217449	0.127092921449217
"Basel_random_21_17"	1	0	1	0	0	0	0	0	0	1	0	1	0	1	0	0	1	0	1	1	0	0	1	1	0	0	1	1	1	1	1.334984	0.506747071428571	0.395640008446293	0.111107062982279
"Basel_random_21_18"	1	0	1	0	0	0	0	0	0	1	0	1	0	0	0	0	1	0	1	1	0	0	1	1	0	0	1	1	1	1	1.308609	0.478539846153846	0.390814071584963	0.0877257745688827
"Basel_random_22_12"	1	1	1	1	1	1	0	1	1	1	0	1	0	1	1	1	1	1	1	0	1	0	1	0	0	0	1	0	0	0	1.411088	0.544796842105263	0.326856195298064	0.217940646807199
"Basel_random_22_13"	1	1	1	1	1	1	0	1	1	1	0	0	0	1	1	1	1	1	1	0	1	0	1	0	0	0	1	0	0	0	1.281626	0.379715	0.205974639958937	0.173740360041063
"Basel_random_22_14"	1	1	1	1	1	1	0	1	1	1	0	0	0	1	1	1	1	1	0	0	1	0	1	0	0	0	1	0	0	0	1.429853	0.529035117647059	0.300121493524643	0.228913624122416
"Basel_random_22_15"	1	1	1	1	1	1	0	0	1	1	0	0	0	1	1	1	1	1	0	0	1	0	1	0	0	0	1	0	0	0	1.194051	0.3289223125	0.191877373755047	0.137044938744953
"Basel_random_22_16"	1	1	0	1	1	1	0	0	1	1	0	0	0	1	1	1	1	1	0	0	1	0	1	0	0	0	1	0	0	0	1.179286	0.312791466666667	0.153178640213617	0.15961282645305
"Basel_random_22_17"	1	1	0	1	1	0	0	0	1	1	0	0	0	1	1	1	1	1	0	0	1	0	1	0	0	0	1	0	0	0	1.186137	0.406543214285714	0.283390951308865	0.123152262976849
"Basel_random_22_18"	1	1	0	1	1	0	0	0	1	0	0	0	0	1	1	1	1	1	0	0	1	0	1	0	0	0	1	0	0	0	1.20634	0.475746230769231	0.344970318498272	0.130775912270959
"Basel_random_23_12"	1	1	0	1	1	1	1	0	1	1	0	1	0	1	0	0	1	0	1	1	1	0	1	1	0	1	1	0	0	1	1.328004	0.499574368421053	0.326109028912809	0.173465339508244
"Basel_random_23_13"	1	1	0	1	1	1	0	0	1	1	0	1	0	1	0	0	1	0	1	1	1	0	1	1	0	1	1	0	0	1	1.290948	0.504358055555556	0.340115663607605	0.16424239194795
"Basel_random_23_14"	1	1	0	1	1	1	0	0	1	1	0	1	0	1	0	0	1	0	1	1	1	0	1	1	0	0	1	0	0	1	1.305155	0.509533117647059	0.354678226694752	0.154854890952307
"Basel_random_23_15"	1	1	0	1	1	1	0	0	1	0	0	1	0	1	0	0	1	0	1	1	1	0	1	1	0	0	1	0	0	1	1.272126	0.515314875	0.360122925293803	0.155191949706197
"Basel_random_23_16"	1	1	0	1	1	1	0	0	1	0	0	1	0	1	0	0	0	0	1	1	1	0	1	1	0	0	1	0	0	1	1.330355	0.5654572	0.385800291748492	0.179656908251508
"Basel_random_23_17"	1	1	0	1	1	1	0	0	0	0	0	1	0	1	0	0	0	0	1	1	1	0	1	1	0	0	1	0	0	1	1.267767	0.513701142857143	0.385148953315923	0.12855218954122
"Basel_random_23_18"	1	1	0	1	1	1	0	0	0	0	0	1	0	1	0	0	0	0	1	1	1	0	1	0	0	0	1	0	0	1	1.323589	0.543154076923077	0.357972590388689	0.185181486534388
"Basel_random_24_12"	0	1	0	1	1	1	1	0	1	0	0	1	1	0	1	0	0	1	0	1	1	1	1	1	0	1	1	1	1	0	1.475612	0.555381684210526	0.287245750220889	0.268135933989637
"Basel_random_24_13"	0	1	0	1	1	1	1	0	1	0	0	1	1	0	1	0	0	1	0	1	1	1	1	1	0	0	1	1	1	0	1.532629	0.596444055555555	0.277728061981932	0.318715993573623
"Basel_random_24_14"	0	1	0	1	1	1	1	0	1	0	0	1	1	0	1	0	0	1	0	0	1	1	1	1	0	0	1	1	1	0	1.510168	0.575681882352941	0.298453306150555	0.277228576202386
"Basel_random_24_15"	0	1	0	1	1	1	1	0	1	0	0	0	1	0	1	0	0	1	0	0	1	1	1	1	0	0	1	1	1	0	1.49868	0.519859375	0.23756296719666	0.28229640780334
"Basel_random_24_16"	0	1	0	1	1	1	1	0	1	0	0	0	1	0	1	0	0	0	0	0	1	1	1	1	0	0	1	1	1	0	1.48189	0.573685466666667	0.327508632809891	0.246176833856776
"Basel_random_24_17"	0	1	0	1	1	1	0	0	1	0	0	0	1	0	1	0	0	0	0	0	1	1	1	1	0	0	1	1	1	0	1.564768	0.704659142857143	0.421183100090862	0.283476042766281
"Basel_random_24_18"	0	1	0	1	1	1	0	0	0	0	0	0	1	0	1	0	0	0	0	0	1	1	1	1	0	0	1	1	1	0	1.559196	0.703428384615385	0.446687388095945	0.256740996519439
"Basel_random_25_12"	0	0	0	1	0	0	1	1	1	0	1	1	1	1	1	1	1	0	1	1	0	1	1	0	1	0	0	1	1	1	2.269701	1.25499589473684	0.758068816953115	0.496927077783727
"Basel_random_25_13"	0	0	0	1	0	0	1	1	1	0	0	1	1	1	1	1	1	0	1	1	0	1	1	0	1	0	0	1	1	1	2.452599	1.38841655555556	0.818489449903974	0.569927105651582
"Basel_random_25_14"	0	0	0	1	0	0	1	1	1	0	0	1	1	1	1	1	1	0	1	1	0	1	1	0	0	0	0	1	1	1	1.843024	0.862955941176471	0.354329305117996	0.508626636058474
"Basel_random_25_15"	0	0	0	1	0	0	1	1	1	0	0	1	1	1	0	1	1	0	1	1	0	1	1	0	0	0	0	1	1	1	1.799584	0.764645	0.312026076649781	0.452618923350219
"Basel_random_25_16"	0	0	0	1	0	0	1	1	1	0	0	0	1	1	0	1	1	0	1	1	0	1	1	0	0	0	0	1	1	1	1.856644	0.767718	0.296124488549675	0.471593511450324
"Basel_random_25_17"	0	0	0	1	0	0	1	1	0	0	0	0	1	1	0	1	1	0	1	1	0	1	1	0	0	0	0	1	1	1	1.740631	0.639392071428571	0.209734641546982	0.429657429881589
"Basel_random_25_18"	0	0	0	1	0	0	1	1	0	0	0	0	1	1	0	0	1	0	1	1	0	1	1	0	0	0	0	1	1	1	1.786565	0.731547846153846	0.324289993020844	0.407257853133003
"Basel_random_26_12"	1	1	1	0	1	1	1	1	1	1	0	0	1	0	1	1	1	1	0	0	0	0	0	1	1	0	1	1	1	0	1.981695	0.825703526315789	0.451393721499587	0.374309804816202
"Basel_random_26_13"	1	0	1	0	1	1	1	1	1	1	0	0	1	0	1	1	1	1	0	0	0	0	0	1	1	0	1	1	1	0	2.047588	0.893319722222222	0.522579415038629	0.370740307183594
"Basel_random_26_14"	1	0	1	0	1	1	1	1	1	1	0	0	1	0	1	1	1	1	0	0	0	0	0	1	1	0	1	0	1	0	2.125045	0.973130411764706	0.531082267331431	0.442048144433275
"Basel_random_26_15"	1	0	1	0	1	1	1	1	1	1	0	0	0	0	1	1	1	1	0	0	0	0	0	1	1	0	1	0	1	0	2.020289	0.8637578125	0.513073541992296	0.350684270507703
"Basel_random_26_16"	1	0	1	0	1	1	0	1	1	1	0	0	0	0	1	1	1	1	0	0	0	0	0	1	1	0	1	0	1	0	2.013067	0.88487	0.545809387847402	0.339060612152598
"Basel_random_26_17"	1	0	1	0	1	1	0	1	1	1	0	0	0	0	1	1	1	1	0	0	0	0	0	1	1	0	1	0	0	0	1.968987	0.840329928571429	0.533216545023127	0.307113383548302
"Basel_random_26_18"	1	0	0	0	1	1	0	1	1	1	0	0	0	0	1	1	1	1	0	0	0	0	0	1	1	0	1	0	0	0	1.897661	0.747156538461538	0.474094658800832	0.273061879660707
"Basel_random_27_12"	0	0	1	0	0	0	1	1	0	0	1	1	0	1	0	1	1	1	0	1	0	1	1	1	1	1	1	1	1	1	2.103229	0.990673842105263	0.62545363678944	0.365220205315823
"Basel_random_27_13"	0	0	1	0	0	0	1	1	0	0	1	1	0	1	0	1	1	1	0	1	0	1	0	1	1	1	1	1	1	1	1.986038	0.813782222222222	0.483832173045868	0.329950049176355
"Basel_random_27_14"	0	0	1	0	0	0	1	1	0	0	1	1	0	1	0	1	1	1	0	1	0	1	0	1	1	1	1	0	1	1	2.065527	0.894566823529412	0.545836207354894	0.348730616174518
"Basel_random_27_15"	0	0	1	0	0	0	1	1	0	0	0	1	0	1	0	1	1	1	0	1	0	1	0	1	1	1	1	0	1	1	2.13157	0.895181875	0.521947968567339	0.373233906432661
"Basel_random_27_16"	0	0	1	0	0	0	1	1	0	0	0	1	0	1	0	1	1	1	0	1	0	1	0	1	1	1	1	0	1	0	2.117825	0.922245	0.564345950465034	0.357899049534966
"Basel_random_27_17"	0	0	1	0	0	0	1	1	0	0	0	0	0	1	0	1	1	1	0	1	0	1	0	1	1	1	1	0	1	0	2.078597	0.813699428571429	0.453755642598026	0.359943785973403
"Basel_random_27_18"	0	0	1	0	0	0	0	1	0	0	0	0	0	1	0	1	1	1	0	1	0	1	0	1	1	1	1	0	1	0	2.076137	0.835596846153846	0.508933244552245	0.326663601601601
"Basel_random_28_12"	0	1	1	0	1	1	0	0	0	1	0	1	0	0	1	0	1	1	1	1	1	1	1	1	1	1	1	1	0	0	2.024443	1.03077910526316	0.692425691938187	0.338353413324971
"Basel_random_28_13"	0	1	1	0	1	1	0	0	0	1	0	1	0	0	1	0	1	1	1	1	1	0	1	1	1	1	1	1	0	0	1.867858	0.921077833333333	0.653558716978384	0.267519116354949
"Basel_random_28_14"	0	1	1	0	1	1	0	0	0	1	0	0	0	0	1	0	1	1	1	1	1	0	1	1	1	1	1	1	0	0	1.86921	0.879980058823529	0.617083902320207	0.262896156503322
"Basel_random_28_15"	0	1	1	0	1	1	0	0	0	1	0	0	0	0	1	0	1	1	1	0	1	0	1	1	1	1	1	1	0	0	1.902591	0.91185075	0.62850470065752	0.28334604934248
"Basel_random_28_16"	0	1	1	0	1	1	0	0	0	1	0	0	0	0	1	0	1	1	0	0	1	0	1	1	1	1	1	1	0	0	1.879971	0.884547666666667	0.601758318547318	0.282789348119349
"Basel_random_28_17"	0	0	1	0	1	1	0	0	0	1	0	0	0	0	1	0	1	1	0	0	1	0	1	1	1	1	1	1	0	0	1.841532	0.859793357142857	0.591592583565174	0.268200773577683
"Basel_random_28_18"	0	0	1	0	1	1	0	0	0	0	0	0	0	0	1	0	1	1	0	0	1	0	1	1	1	1	1	1	0	0	1.870281	0.921992769230769	0.675113989193877	0.246878780036892
"Basel_random_29_12"	1	0	0	1	1	1	1	0	0	1	0	1	0	1	1	0	1	1	0	0	0	1	1	1	1	1	0	1	1	1	2.552182	1.54160847368421	0.998208743201879	0.543399730482331
"Basel_random_29_13"	1	0	0	1	1	1	1	0	0	1	0	1	0	1	1	0	1	1	0	0	0	1	1	1	1	0	0	1	1	1	2.643101	1.61155377777778	1.02140575522694	0.590148022550833
"Basel_random_29_14"	1	0	0	1	1	1	1	0	0	0	0	1	0	1	1	0	1	1	0	0	0	1	1	1	1	0	0	1	1	1	2.577161	1.56826358823529	1.00652807154793	0.561735516687365
"Basel_random_29_15"	1	0	0	1	1	1	1	0	0	0	0	1	0	1	0	0	1	1	0	0	0	1	1	1	1	0	0	1	1	1	2.637936	1.5723658125	1.05069023995883	0.521675572541169
"Basel_random_29_16"	1	0	0	1	1	1	1	0	0	0	0	1	0	1	0	0	1	1	0	0	0	0	1	1	1	0	0	1	1	1	2.55765	1.54354653333333	0.926981118401906	0.616565414931428
"Basel_random_29_17"	0	0	0	1	1	1	1	0	0	0	0	1	0	1	0	0	1	1	0	0	0	0	1	1	1	0	0	1	1	1	2.568667	1.48227842857143	0.86538121640083	0.616897212170599
"Basel_random_29_18"	0	0	0	1	1	1	1	0	0	0	0	1	0	1	0	0	1	1	0	0	0	0	1	1	1	0	0	0	1	1	2.622051	1.54396184615385	0.941178089286923	0.602783756866923
"Basel_random_30_12"	1	1	1	1	0	0	1	0	0	0	1	0	0	1	0	1	1	1	1	1	1	0	1	1	1	0	1	1	1	0	1.83402	0.906610263157895	0.60884133651106	0.297768926646835
"Basel_random_30_13"	1	1	1	1	0	0	1	0	0	0	1	0	0	1	0	1	0	1	1	1	1	0	1	1	1	0	1	1	1	0	1.861556	0.917929666666667	0.630052059718723	0.287877606947944
"Basel_random_30_14"	1	1	1	1	0	0	1	0	0	0	1	0	0	1	0	1	0	1	1	1	1	0	1	1	1	0	1	0	1	0	1.86804	0.93915805882353	0.631681741853139	0.307476316970391
"Basel_random_30_15"	1	1	1	1	0	0	1	0	0	0	1	0	0	0	0	1	0	1	1	1	1	0	1	1	1	0	1	0	1	0	1.866895	0.9302340625	0.62512322135513	0.30511084114487
"Basel_random_30_16"	1	1	1	1	0	0	1	0	0	0	1	0	0	0	0	1	0	1	1	1	0	0	1	1	1	0	1	0	1	0	1.820741	0.833002266666667	0.554032820482453	0.278969446184213
"Basel_random_30_17"	1	1	1	1	0	0	0	0	0	0	1	0	0	0	0	1	0	1	1	1	0	0	1	1	1	0	1	0	1	0	1.863981	0.918656928571429	0.651426855601029	0.2672300729704
"Basel_random_30_18"	1	1	1	1	0	0	0	0	0	0	1	0	0	0	0	1	0	1	1	1	0	0	1	1	1	0	0	0	1	0	2.395821	1.46759423076923	0.880270343168421	0.58732388760081
