"assemblage"	"AVir"	"PMon"	"TBac"	"AAlb"	"PCem"	"LDec"	"BPen"	"QRob"	"PAbi"	"PSyl"	"PNig"	"AInc"	"UGla"	"TPla"	"AGlu"	"QPub"	"SAri"	"PTre"	"APla"	"TCor"	"SAlb"	"QPet"	"CAve"	"SAuc"	"FSyl"	"ACam"	"CSat"	"APse"	"FExc"	"CBet"	"productivity"	"DeltaY"	"Selection"	"Complementarity"
"Bever_increasing_12"	1	1	0	1	1	1	1	0	1	1	1	1	0	0	0	0	0	1	0	0	0	0	0	0	0	0	0	0	0	0	1.755549	2.17184945454545	0.604905944888593	1.56694350965686
"Bever_decreasing_12"	0	0	0	0	0	0	0	0	0	0	0	1	0	0	0	0	0	1	0	0	0	0	0	1	0	0	0	0	0	0	1.221204	7.25313233333333	0.583166483756696	6.66996584957664
"Bever_random_1_12"	1	0	0	1	1	0	0	0	1	0	1	1	0	0	0	0	0	1	0	0	0	0	0	0	0	0	0	0	0	0	1.646222	3.88397514285714	2.02104141434522	1.86293372851192
"Bever_random_2_12"	1	0	0	1	0	1	1	0	1	0	0	0	0	0	0	0	0	0	0	0	0	0	0	1	0	0	0	0	0	0	1.640061	4.43657133333333	1.6815725233239	2.75499881000944
"Bever_random_3_12"	0	1	0	1	1	1	0	0	0	0	1	1	0	0	0	0	0	1	0	0	0	0	0	1	0	0	0	0	0	0	1.637393	3.119564625	0.471827413709854	2.64773721129015
"Bever_random_4_12"	1	1	0	0	1	0	1	0	1	1	1	1	0	0	0	0	0	0	0	0	0	0	0	1	0	0	0	0	0	0	1.655392	2.71991488888889	1.06803705675051	1.65187783213838
"Bever_random_5_12"	0	1	0	1	1	1	1	0	0	0	0	1	0	0	0	0	0	1	0	0	0	0	0	1	0	0	0	0	0	0	1.560612	2.794961375	0.680350582626525	2.11461079237348
"Bever_random_6_12"	0	1	0	1	1	0	1	0	1	1	1	0	0	0	0	0	0	0	0	0	0	0	0	1	0	0	0	0	0	0	1.674789	3.176395125	0.439776712342237	2.73661841265776
"Bever_random_7_12"	1	1	0	1	0	0	1	0	1	1	0	0	0	0	0	0	0	1	0	0	0	0	0	1	0	0	0	0	0	0	1.496168	2.818209125	-0.206888263851233	3.02509738885123
"Bever_random_8_12"	1	1	0	1	1	1	0	0	1	1	1	1	0	0	0	0	0	1	0	0	0	0	0	0	0	0	0	0	0	0	1.730721	2.465099	0.828961138767719	1.63613786123228
"Bever_random_9_12"	1	1	0	0	0	1	1	0	0	0	1	0	0	0	0	0	0	0	0	0	0	0	0	1	0	0	0	0	0	0	1.674936	4.49594933333333	0.6390140388352	3.85693529449813
"Bever_random_10_12"	1	1	0	1	1	1	0	0	0	0	1	0	0	0	0	0	0	1	0	0	0	0	0	1	0	0	0	0	0	0	1.705872	3.3077775	1.46579600199845	1.84198149800155
"Bever_random_11_12"	1	1	0	0	0	0	1	0	0	1	0	1	0	0	0	0	0	1	0	0	0	0	0	1	0	0	0	0	0	0	1.366998	2.97228714285714	-0.242890757122011	3.21517789997915
"Bever_random_12_12"	1	0	0	0	1	1	1	0	0	1	1	1	0	0	0	0	0	1	0	0	0	0	0	0	0	0	0	0	0	0	1.622862	2.972401875	1.07492243691322	1.89747943808678
"Bever_random_13_12"	1	1	0	0	1	1	0	0	0	1	0	1	0	0	0	0	0	1	0	0	0	0	0	1	0	0	0	0	0	0	1.608722	2.915855875	1.27336756374281	1.64248831125719
"Bever_random_14_12"	0	1	0	1	1	1	1	0	1	1	1	1	0	0	0	0	0	1	0	0	0	0	0	0	0	0	0	0	0	0	1.723175	2.3455048	0.601946096463738	1.74355870353626
"Bever_random_15_12"	1	1	0	1	1	1	1	0	0	0	0	1	0	0	0	0	0	1	0	0	0	0	0	0	0	0	0	0	0	0	1.658361	3.0295805	0.844809990079519	2.18477050992048
"Bever_random_16_12"	0	1	0	1	1	0	1	0	0	1	0	1	0	0	0	0	0	0	0	0	0	0	0	0	0	0	0	0	0	0	1.51166	3.88656033333333	1.50413848197038	2.38242185136296
"Bever_random_17_12"	1	0	0	1	1	1	0	0	1	1	1	1	0	0	0	0	0	0	0	0	0	0	0	1	0	0	0	0	0	0	1.664202	2.81756411111111	1.29322253240644	1.52434157870467
"Bever_random_18_12"	0	0	0	1	1	0	1	0	0	1	1	0	0	0	0	0	0	0	0	0	0	0	0	1	0	0	0	0	0	0	1.548056	4.23538666666667	0.929866364385081	3.30552030228159
"Bever_random_19_12"	1	1	0	1	0	0	0	0	1	0	1	1	0	0	0	0	0	1	0	0	0	0	0	1	0	0	0	0	0	0	1.448364	2.923914	1.03720322190384	1.88671077809616
"Bever_random_20_12"	1	1	0	1	1	0	1	0	0	1	1	1	0	0	0	0	0	1	0	0	0	0	0	0	0	0	0	0	0	0	1.489876	2.41908111111111	0.520235033826356	1.89884607728475
"Bever_random_21_12"	1	0	0	1	0	1	0	0	0	1	0	1	0	0	0	0	0	1	0	0	0	0	0	1	0	0	0	0	0	0	1.489422	3.406217	-0.203822597221032	3.61003959722103
"Bever_random_22_12"	1	1	0	1	1	1	0	0	1	1	0	1	0	0	0	0	0	1	0	0	0	0	0	0	0	0	0	0	0	0	1.717721	2.72204233333333	0.890701697186583	1.83134063614675
"Bever_random_23_12"	1	1	0	1	1	1	1	0	1	1	0	1	0	0	0	0	0	0	0	0	0	0	0	1	0	0	0	0	0	0	1.744768	2.4439899	0.937895730994796	1.5060941690052
"Bever_random_24_12"	0	1	0	1	1	1	1	0	1	0	0	1	0	0	0	0	0	1	0	0	0	0	0	1	0	0	0	0	0	0	1.688587	2.63256388888889	0.558944262986509	2.07361962590238
"Bever_random_25_12"	0	0	0	1	0	0	1	0	1	0	1	1	0	0	0	0	0	0	0	0	0	0	0	0	0	0	0	0	0	0	1.305458	4.3987084	1.37578134034677	3.02292705965323
"Bever_random_26_12"	1	1	0	0	1	1	1	0	1	1	0	0	0	0	0	0	0	1	0	0	0	0	0	1	0	0	0	0	0	0	1.748817	2.67139388888889	0.675158386448991	1.9962355024399
"Bever_random_27_12"	0	0	0	0	0	0	1	0	0	0	1	1	0	0	0	0	0	1	0	0	0	0	0	1	0	0	0	0	0	0	1.495393	5.1284438	-0.116083987695352	5.24452778769535
"Bever_random_28_12"	0	1	0	0	1	1	0	0	0	1	0	1	0	0	0	0	0	1	0	0	0	0	0	1	0	0	0	0	0	0	1.651442	3.47404814285714	1.22043394978732	2.25361419306983
"Bever_random_29_12"	1	0	0	1	1	1	1	0	0	1	0	1	0	0	0	0	0	1	0	0	0	0	0	1	0	0	0	0	0	0	1.623265	2.63121033333333	0.514069408759791	2.11714092457354
"Bever_random_30_12"	1	1	0	1	0	0	1	0	0	0	1	0	0	0	0	0	0	1	0	0	0	0	0	1	0	0	0	0	0	0	1.47137	3.43980014285714	-1.16116528652047	4.60096542937762
