"assemblage"	"AVir"	"PMon"	"TBac"	"AAlb"	"PCem"	"LDec"	"BPen"	"QRob"	"PAbi"	"PSyl"	"PNig"	"AInc"	"UGla"	"TPla"	"AGlu"	"QPub"	"SAri"	"PTre"	"APla"	"TCor"	"SAlb"	"QPet"	"CAve"	"SAuc"	"FSyl"	"ACam"	"CSat"	"APse"	"FExc"	"CBet"	"productivity"	"DeltaY"	"Selection"	"Complementarity"
"Bern_increasing_14"	1	1	1	1	1	1	1	1	1	1	1	1	1	1	1	1	1	0	0	0	0	0	0	0	0	0	0	0	0	0	1.998792	0.384961294117647	0.0710441047277661	0.313917189389881
"Bern_decreasing_14"	0	0	0	0	0	0	0	0	0	0	0	0	0	1	1	1	1	1	1	1	1	1	1	1	1	1	1	1	1	1	2.694647	0.954266588235294	0.421869132394098	0.532397455841196
"Bern_random_1_14"	0	0	1	1	0	0	0	1	1	0	1	1	1	1	0	0	1	1	1	1	0	1	0	0	1	0	0	1	1	1	2.568871	0.780113352941176	0.263253232653972	0.516860120287205
"Bern_random_2_14"	1	0	1	1	0	1	0	0	1	0	0	0	1	0	0	1	1	0	1	1	0	1	0	0	1	1	1	1	1	1	2.515609	0.973163882352941	0.544027264874689	0.429136617478252
"Bern_random_3_14"	0	1	0	1	1	1	0	0	0	0	1	1	1	1	0	1	0	1	0	0	1	1	1	1	1	1	0	0	0	1	3.269729	1.40184347058824	0.57965157365897	0.822191896929265
"Bern_random_4_14"	1	1	0	0	1	0	1	1	1	0	1	1	0	1	1	0	0	0	0	1	1	0	1	1	0	0	0	1	1	1	2.158258	0.374518294117647	0.0813403518209363	0.293177942296711
"Bern_random_5_14"	0	1	0	1	1	1	1	1	0	0	0	1	1	0	1	1	0	1	1	0	1	0	1	1	0	0	1	0	0	1	1.82147	0.0300021176470587	-0.591017178897746	0.621019296544805
"Bern_random_6_14"	0	1	1	1	1	0	1	0	1	1	1	0	1	1	0	0	0	0	1	0	0	1	1	1	0	0	1	1	0	1	2.002281	0.538792117647059	0.215155700758872	0.323636416888187
"Bern_random_7_14"	1	0	0	1	0	0	0	1	1	1	0	0	0	1	1	0	1	1	0	0	1	0	1	1	1	1	1	0	1	1	2.650007	1.06880317647059	0.575380535655386	0.493422640815202
"Bern_random_8_14"	1	1	0	1	1	0	0	1	1	1	1	1	0	0	1	0	1	1	0	1	1	0	0	0	0	0	1	0	1	1	2.106283	0.239738647058823	-0.192286225785357	0.43202487284418
"Bern_random_9_14"	1	1	0	0	0	1	1	1	0	0	1	0	1	0	1	1	1	0	0	0	1	1	1	1	1	1	0	0	1	0	3.353782	1.55651964705882	0.800788637360918	0.755731009697905
"Bern_random_10_14"	1	1	0	1	1	1	0	0	0	0	1	0	1	1	0	1	0	1	0	1	1	0	1	1	1	1	0	0	0	1	3.150181	1.52019405882353	0.770646276144058	0.749547782679472
"Bern_random_11_14"	1	1	0	0	0	0	1	0	0	1	0	1	0	0	1	1	1	1	0	1	0	1	0	1	1	1	1	1	1	0	2.559014	0.816223529411765	0.403362665016499	0.412860864395266
"Bern_random_12_14"	1	0	0	0	1	1	1	0	0	1	1	1	1	1	1	1	0	1	1	0	0	0	1	0	1	0	0	1	1	0	3.145815	1.23816705882353	0.508526757001096	0.729640301822434
"Bern_random_13_14"	1	1	1	0	1	1	0	0	0	1	0	1	1	1	0	1	0	1	1	1	0	0	0	1	0	0	1	1	0	1	1.580433	0.0940122352941175	-0.1649353082388	0.258947543532917
"Bern_random_14_14"	0	1	1	1	0	1	1	1	1	1	1	1	1	1	0	0	0	0	0	1	1	1	1	0	0	0	1	0	0	0	2.014729	0.292143764705882	-0.123708817333783	0.415852582039665
"Bern_random_15_14"	0	1	1	1	1	1	1	1	0	0	0	1	1	0	1	1	0	1	1	0	0	1	1	0	0	1	0	0	0	1	2.274027	0.610671058823529	-0.284777253594794	0.895448312418323
"Bern_random_16_14"	0	1	0	1	1	0	1	1	0	1	0	0	0	0	1	0	0	0	1	1	1	1	1	0	1	0	1	1	1	1	2.826359	1.01389270588235	0.149150996625661	0.864741709256691
"Bern_random_17_14"	1	0	1	0	1	1	0	0	1	1	1	1	0	0	0	0	1	0	0	0	1	1	1	1	0	1	0	1	1	1	2.226617	0.511792411764706	0.282082275791699	0.229710135973007
"Bern_random_18_14"	0	0	1	1	1	0	1	1	0	1	1	0	0	1	1	1	0	0	0	0	0	1	1	1	1	1	1	0	1	0	2.731989	1.14112870588235	0.505024003976136	0.636104701906217
"Bern_random_19_14"	1	1	1	1	0	0	0	1	1	0	0	1	1	0	1	1	1	1	0	0	1	1	1	1	1	0	0	0	0	0	2.515961	0.899255764705882	0.493974440398406	0.405281324307476
"Bern_random_20_14"	1	1	1	0	1	0	1	1	0	1	0	1	0	1	1	0	0	1	1	0	0	0	1	0	1	0	1	1	1	0	2.507321	0.871799823529412	0.203549405509033	0.668250418020379
"Bern_random_21_14"	1	0	1	1	0	0	0	0	0	1	0	1	1	1	1	0	1	0	1	1	0	0	1	1	0	0	1	1	1	1	1.801642	0.420133470588235	0.0779121196537739	0.342221350934461
"Bern_random_22_14"	1	1	1	1	1	1	0	1	1	1	0	0	0	1	1	1	1	1	0	0	1	0	1	0	0	0	1	0	0	0	1.851807	0.381593588235294	0.0916027295119566	0.289990858723337
"Bern_random_23_14"	1	1	0	1	1	1	0	0	1	1	0	1	0	1	0	0	1	0	1	1	1	0	1	1	0	0	1	0	0	1	1.920565	0.468722235294118	0.175189543193276	0.293532692100842
"Bern_random_24_14"	0	1	0	1	1	1	1	0	1	0	0	1	1	0	1	0	0	1	0	0	1	1	1	1	0	0	1	1	1	0	2.028228	0.100878352941176	-0.306967244939473	0.40784559788065
"Bern_random_25_14"	0	0	0	1	0	0	1	1	1	0	0	1	1	1	1	1	1	0	1	1	0	1	1	0	0	0	0	1	1	1	2.08558	0.430991352941176	0.013562419115245	0.417428933825931
"Bern_random_26_14"	1	0	1	0	1	1	1	1	1	1	0	0	1	0	1	1	1	1	0	0	0	0	0	1	1	0	1	0	1	0	2.504139	0.854511823529412	0.450048354959771	0.40446346856964
"Bern_random_27_14"	0	0	1	0	0	0	1	1	0	0	1	1	0	1	0	1	1	1	0	1	0	1	0	1	1	1	1	0	1	1	2.721146	0.933587352941176	0.286914453250542	0.646672899690634
"Bern_random_28_14"	0	1	1	0	1	1	0	0	0	1	0	0	0	0	1	0	1	1	1	1	1	0	1	1	1	1	1	1	0	0	2.409054	0.835828294117647	0.415252426186839	0.420575867930808
"Bern_random_29_14"	1	0	0	1	1	1	1	0	0	0	0	1	0	1	1	0	1	1	0	0	0	1	1	1	1	0	0	1	1	1	3.191033	1.42964829411765	0.710452087086815	0.719196207030831
"Bern_random_30_14"	1	1	1	1	0	0	1	0	0	0	1	0	0	1	0	1	0	1	1	1	1	0	1	1	1	0	1	0	1	0	2.541679	0.854139647058824	0.337753953354359	0.516385693704465
