"assemblage"	"AVir"	"PMon"	"TBac"	"AAlb"	"PCem"	"LDec"	"BPen"	"QRob"	"PAbi"	"PSyl"	"PNig"	"AInc"	"UGla"	"TPla"	"AGlu"	"QPub"	"SAri"	"PTre"	"APla"	"TCor"	"SAlb"	"QPet"	"CAve"	"SAuc"	"FSyl"	"ACam"	"CSat"	"APse"	"FExc"	"CBet"	"productivity"	"DeltaY"	"Selection"	"Complementarity"
"Bever_increasing_12"	1	1	0	1	1	1	1	0	1	1	1	1	0	0	0	0	0	1	0	0	0	0	0	0	0	0	0	0	0	0	1.755549	2.17184945454545	0.604905944888593	1.56694350965686
"Bever_increasing_13"	1	1	0	1	1	1	1	0	1	1	1	1	0	0	0	0	0	1	0	0	0	0	0	0	0	0	0	0	0	0	1.703141	1.92649554545455	0.345522919181083	1.58097262627346
"Bever_increasing_14"	1	1	0	1	1	1	1	0	1	1	1	1	0	0	0	0	0	0	0	0	0	0	0	0	0	0	0	0	0	0	1.709986	2.046421	0.697278870374492	1.34914212962551
"Bever_increasing_15"	1	1	0	1	1	1	1	0	1	1	1	1	0	0	0	0	0	0	0	0	0	0	0	0	0	0	0	0	0	0	1.740674	1.9245232	0.672909826012725	1.25161337398728
"Bever_increasing_16"	1	1	0	1	1	1	1	0	1	1	1	1	0	0	0	0	0	0	0	0	0	0	0	0	0	0	0	0	0	0	1.691327	1.6764353	0.541006534146094	1.13542876585391
"Bever_increasing_17"	1	1	0	1	1	1	1	0	1	1	1	1	0	0	0	0	0	0	0	0	0	0	0	0	0	0	0	0	0	0	1.68132	1.4932928	0.467187740220858	1.02610505977914
"Bever_increasing_18"	1	1	0	1	1	1	1	0	1	1	1	1	0	0	0	0	0	0	0	0	0	0	0	0	0	0	0	0	0	0	1.693194	1.340597	0.514288300625235	0.826308699374765
"Bever_decreasing_12"	0	0	0	0	0	0	0	0	0	0	0	1	0	0	0	0	0	1	0	0	0	0	0	1	0	0	0	0	0	0	1.221204	7.25313233333333	0.583166483756696	6.66996584957664
"Bever_decreasing_13"	0	0	0	0	0	0	0	0	0	0	0	0	0	0	0	0	0	1	0	0	0	0	0	1	0	0	0	0	0	0	0.999048	8.4618985	0.69068003272268	7.77121846727732
"Bever_decreasing_14"	0	0	0	0	0	0	0	0	0	0	0	0	0	0	0	0	0	1	0	0	0	0	0	1	0	0	0	0	0	0	0.988881	7.875955	0.606086869222303	7.2698681307777
"Bever_decreasing_15"	0	0	0	0	0	0	0	0	0	0	0	0	0	0	0	0	0	1	0	0	0	0	0	1	0	0	0	0	0	0	0.992266	7.4085945	0.559866564971622	6.84872793502838
"Bever_decreasing_16"	0	0	0	0	0	0	0	0	0	0	0	0	0	0	0	0	0	1	0	0	0	0	0	1	0	0	0	0	0	0	0.990956	6.9026365	0.52469442612573	6.37794207387427
"Bever_decreasing_17"	0	0	0	0	0	0	0	0	0	0	0	0	0	0	0	0	0	1	0	0	0	0	0	1	0	0	0	0	0	0	0.994907	6.4348155	0.48485600651525	5.94995949348475
"Bever_decreasing_18"	0	0	0	0	0	0	0	0	0	0	0	0	0	0	0	0	0	1	0	0	0	0	0	1	0	0	0	0	0	0	0.994104	5.9321425	0.484367164942001	5.447775335058
"Bever_random_1_12"	1	0	0	1	1	0	0	0	1	0	1	1	0	0	0	0	0	1	0	0	0	0	0	0	0	0	0	0	0	0	1.646222	3.88397514285714	2.02104141434522	1.86293372851192
"Bever_random_1_13"	1	0	0	1	0	0	0	0	1	0	1	1	0	0	0	0	0	1	0	0	0	0	0	0	0	0	0	0	0	0	1.339842	3.58333816666667	1.82274977549312	1.76058839117355
"Bever_random_1_14"	0	0	0	1	0	0	0	0	1	0	1	1	0	0	0	0	0	1	0	0	0	0	0	0	0	0	0	0	0	0	1.32695	4.0241666	1.44428896530583	2.57987763469417
"Bever_random_1_15"	0	0	0	1	0	0	0	0	1	0	1	1	0	0	0	0	0	1	0	0	0	0	0	0	0	0	0	0	0	0	1.315971	3.7236438	1.55975651124214	2.16388728875786
"Bever_random_1_16"	0	0	0	1	0	0	0	0	1	0	1	1	0	0	0	0	0	1	0	0	0	0	0	0	0	0	0	0	0	0	1.320011	3.4725696	1.47385619597135	1.99871340402865
"Bever_random_1_17"	0	0	0	1	0	0	0	0	1	0	1	1	0	0	0	0	0	1	0	0	0	0	0	0	0	0	0	0	0	0	1.314693	3.193677	1.11279962084249	2.08087737915751
"Bever_random_1_18"	0	0	0	1	0	0	0	0	1	0	1	1	0	0	0	0	0	1	0	0	0	0	0	0	0	0	0	0	0	0	1.319602	2.9435018	1.192617246643	1.750884553357
"Bever_random_2_12"	1	0	0	1	0	1	1	0	1	0	0	0	0	0	0	0	0	0	0	0	0	0	0	1	0	0	0	0	0	0	1.640061	4.43657133333333	1.6815725233239	2.75499881000944
"Bever_random_2_13"	1	0	0	1	0	1	1	0	1	0	0	0	0	0	0	0	0	0	0	0	0	0	0	0	0	0	0	0	0	0	1.691488	5.220917	1.79452949031378	3.42638750968622
"Bever_random_2_14"	1	0	0	1	0	1	0	0	1	0	0	0	0	0	0	0	0	0	0	0	0	0	0	0	0	0	0	0	0	0	1.636795	6.1789235	2.56628775804708	3.61263574195293
"Bever_random_2_15"	1	0	0	1	0	1	0	0	1	0	0	0	0	0	0	0	0	0	0	0	0	0	0	0	0	0	0	0	0	0	1.62464	5.72110475	2.08429328944978	3.63681146055022
"Bever_random_2_16"	1	0	0	1	0	1	0	0	1	0	0	0	0	0	0	0	0	0	0	0	0	0	0	0	0	0	0	0	0	0	1.6487	5.40516975	2.11264152588211	3.29252822411789
"Bever_random_2_17"	0	0	0	1	0	1	0	0	1	0	0	0	0	0	0	0	0	0	0	0	0	0	0	0	0	0	0	0	0	0	1.638664	6.67042833333333	1.88059646151996	4.78983187181337
"Bever_random_2_18"	0	0	0	1	0	1	0	0	1	0	0	0	0	0	0	0	0	0	0	0	0	0	0	0	0	0	0	0	0	0	1.637095	6.117408	1.71635602861057	4.40105197138943
"Bever_random_3_12"	0	1	0	1	1	1	0	0	0	0	1	1	0	0	0	0	0	1	0	0	0	0	0	1	0	0	0	0	0	0	1.637393	3.119564625	0.471827413709854	2.64773721129015
"Bever_random_3_13"	0	1	0	1	1	1	0	0	0	0	1	1	0	0	0	0	0	1	0	0	0	0	0	1	0	0	0	0	0	0	1.639601	2.9198585	0.750708755865803	2.1691497441342
"Bever_random_3_14"	0	1	0	1	1	1	0	0	0	0	1	1	0	0	0	0	0	1	0	0	0	0	0	1	0	0	0	0	0	0	1.62394	2.68162875	1.24725290641083	1.43437584358917
"Bever_random_3_15"	0	1	0	1	1	1	0	0	0	0	1	1	0	0	0	0	0	1	0	0	0	0	0	1	0	0	0	0	0	0	1.666634	2.56402425	1.14712347579814	1.41690077420186
"Bever_random_3_16"	0	1	0	1	1	1	0	0	0	0	1	1	0	0	0	0	0	0	0	0	0	0	0	1	0	0	0	0	0	0	1.661628	2.80428642857143	0.928647450181964	1.87563897838946
"Bever_random_3_17"	0	1	0	1	1	1	0	0	0	0	1	1	0	0	0	0	0	0	0	0	0	0	0	1	0	0	0	0	0	0	1.684432	2.612519	1.23484396495393	1.37767503504607
"Bever_random_3_18"	0	1	0	1	1	0	0	0	0	0	1	1	0	0	0	0	0	0	0	0	0	0	0	1	0	0	0	0	0	0	1.539895	2.75920866666667	1.43568686653337	1.3235218001333
"Bever_random_4_12"	1	1	0	0	1	0	1	0	1	1	1	1	0	0	0	0	0	0	0	0	0	0	0	1	0	0	0	0	0	0	1.655392	2.71991488888889	1.06803705675051	1.65187783213838
"Bever_random_4_13"	1	1	0	0	1	0	1	0	1	0	1	1	0	0	0	0	0	0	0	0	0	0	0	1	0	0	0	0	0	0	1.659036	2.98622175	1.20719055540262	1.77903119459738
"Bever_random_4_14"	1	1	0	0	1	0	1	0	1	0	1	1	0	0	0	0	0	0	0	0	0	0	0	1	0	0	0	0	0	0	1.636252	2.73042625	1.11490973560782	1.61551651439218
"Bever_random_4_15"	1	1	0	0	1	0	1	0	1	0	1	1	0	0	0	0	0	0	0	0	0	0	0	1	0	0	0	0	0	0	1.678508	2.61040675	1.08528577711187	1.52512097288813
"Bever_random_4_16"	1	1	0	0	1	0	1	0	1	0	1	1	0	0	0	0	0	0	0	0	0	0	0	1	0	0	0	0	0	0	1.651425	2.349812625	0.98370468126776	1.36610794373224
"Bever_random_4_17"	1	1	0	0	1	0	1	0	1	0	0	1	0	0	0	0	0	0	0	0	0	0	0	1	0	0	0	0	0	0	1.626147	2.41251071428571	0.955138697489473	1.45737201679624
"Bever_random_4_18"	1	1	0	0	1	0	0	0	1	0	0	1	0	0	0	0	0	0	0	0	0	0	0	1	0	0	0	0	0	0	1.619265	2.73405666666667	1.22616125872998	1.50789540793669
"Bever_random_5_12"	0	1	0	1	1	1	1	0	0	0	0	1	0	0	0	0	0	1	0	0	0	0	0	1	0	0	0	0	0	0	1.560612	2.794961375	0.680350582626525	2.11461079237348
"Bever_random_5_13"	0	1	0	1	1	1	1	0	0	0	0	1	0	0	0	0	0	1	0	0	0	0	0	1	0	0	0	0	0	0	1.688068	2.886660875	1.21847027829556	1.66819059670444
"Bever_random_5_14"	0	1	0	1	1	1	1	0	0	0	0	1	0	0	0	0	0	1	0	0	0	0	0	1	0	0	0	0	0	0	1.671859	2.64120825	1.01927363689396	1.62193461310604
"Bever_random_5_15"	0	1	0	1	1	1	1	0	0	0	0	1	0	0	0	0	0	1	0	0	0	0	0	1	0	0	0	0	0	0	1.647842	2.384191875	1.06558507729532	1.31860679770468
"Bever_random_5_16"	0	0	0	1	1	1	1	0	0	0	0	1	0	0	0	0	0	1	0	0	0	0	0	1	0	0	0	0	0	0	1.676161	2.73734614285714	1.14045328763734	1.5968928552198
"Bever_random_5_17"	0	0	0	1	0	1	1	0	0	0	0	1	0	0	0	0	0	1	0	0	0	0	0	1	0	0	0	0	0	0	1.794826	3.4366395	-0.65400062948287	4.09064012948287
"Bever_random_5_18"	0	0	0	1	0	1	1	0	0	0	0	1	0	0	0	0	0	1	0	0	0	0	0	1	0	0	0	0	0	0	1.691089	2.91273833333333	-1.04460350924061	3.95734184257394
"Bever_random_6_12"	0	1	0	1	1	0	1	0	1	1	1	0	0	0	0	0	0	0	0	0	0	0	0	1	0	0	0	0	0	0	1.674789	3.176395125	0.439776712342237	2.73661841265776
"Bever_random_6_13"	0	1	0	1	1	0	1	0	1	1	1	0	0	0	0	0	0	0	0	0	0	0	0	1	0	0	0	0	0	0	1.64501	2.90004375	0.992950935399646	1.90709281460035
"Bever_random_6_14"	0	1	0	1	1	0	1	0	1	1	1	0	0	0	0	0	0	0	0	0	0	0	0	1	0	0	0	0	0	0	1.664831	2.736537125	0.952083085596776	1.78445403940322
"Bever_random_6_15"	0	1	0	1	1	0	1	0	1	0	1	0	0	0	0	0	0	0	0	0	0	0	0	1	0	0	0	0	0	0	1.654206	3.008258	1.13430005492684	1.87395794507316
"Bever_random_6_16"	0	1	0	1	1	0	1	0	1	0	0	0	0	0	0	0	0	0	0	0	0	0	0	1	0	0	0	0	0	0	1.638189	3.20962266666667	1.14213860049093	2.06748406617574
"Bever_random_6_17"	0	1	0	1	0	0	1	0	1	0	0	0	0	0	0	0	0	0	0	0	0	0	0	1	0	0	0	0	0	0	1.440681	3.26554	0.94670673387687	2.31883326612313
"Bever_random_6_18"	0	1	0	1	0	0	1	0	1	0	0	0	0	0	0	0	0	0	0	0	0	0	0	1	0	0	0	0	0	0	1.45371	3.0112792	0.611178929099573	2.40010027090043
"Bever_random_7_12"	1	1	0	1	0	0	1	0	1	1	0	0	0	0	0	0	0	1	0	0	0	0	0	1	0	0	0	0	0	0	1.496168	2.818209125	-0.206888263851233	3.02509738885123
"Bever_random_7_13"	1	0	0	1	0	0	1	0	1	1	0	0	0	0	0	0	0	1	0	0	0	0	0	1	0	0	0	0	0	0	1.455209	3.08902685714286	0.699993228940018	2.38903362820284
"Bever_random_7_14"	1	0	0	1	0	0	0	0	1	1	0	0	0	0	0	0	0	1	0	0	0	0	0	1	0	0	0	0	0	0	1.385474	3.36914366666667	1.41094800774803	1.95819565891864
"Bever_random_7_15"	1	0	0	1	0	0	0	0	1	1	0	0	0	0	0	0	0	1	0	0	0	0	0	0	0	0	0	0	0	0	1.366265	3.7443152	1.15315533564117	2.59115986435883
"Bever_random_7_16"	1	0	0	1	0	0	0	0	1	1	0	0	0	0	0	0	0	1	0	0	0	0	0	0	0	0	0	0	0	0	1.375978	3.5002012	1.21719802916433	2.28300317083567
"Bever_random_7_17"	1	0	0	1	0	0	0	0	1	1	0	0	0	0	0	0	0	1	0	0	0	0	0	0	0	0	0	0	0	0	1.36879	3.2048792	1.1546559264042	2.0502232735958
"Bever_random_7_18"	1	0	0	1	0	0	0	0	1	1	0	0	0	0	0	0	0	1	0	0	0	0	0	0	0	0	0	0	0	0	1.370243	2.934899	1.02431918755037	1.91057981244963
"Bever_random_8_12"	1	1	0	1	1	1	0	0	1	1	1	1	0	0	0	0	0	1	0	0	0	0	0	0	0	0	0	0	0	0	1.730721	2.465099	0.828961138767719	1.63613786123228
"Bever_random_8_13"	1	1	0	1	1	0	0	0	1	1	1	1	0	0	0	0	0	1	0	0	0	0	0	0	0	0	0	0	0	0	1.682437	2.65357655555556	1.05740875774142	1.59616779781414
"Bever_random_8_14"	1	1	0	1	1	0	0	0	1	1	1	1	0	0	0	0	0	1	0	0	0	0	0	0	0	0	0	0	0	0	1.672146	2.44720055555556	0.85883731298116	1.5883632425744
"Bever_random_8_15"	1	1	0	1	1	0	0	0	1	1	0	1	0	0	0	0	0	1	0	0	0	0	0	0	0	0	0	0	0	0	1.663693	2.53897525	1.1634560949649	1.3755191550351
"Bever_random_8_16"	1	1	0	1	1	0	0	0	0	1	0	1	0	0	0	0	0	1	0	0	0	0	0	0	0	0	0	0	0	0	1.549199	2.57554857142857	0.509060662876522	2.06648790855205
"Bever_random_8_17"	1	1	0	1	1	0	0	0	0	1	0	1	0	0	0	0	0	0	0	0	0	0	0	0	0	0	0	0	0	0	1.525035	2.83348	1.65139709405547	1.18208290594453
"Bever_random_8_18"	1	1	0	0	1	0	0	0	0	1	0	1	0	0	0	0	0	0	0	0	0	0	0	0	0	0	0	0	0	0	1.54517	3.1476876	1.46536582494824	1.68232177505176
"Bever_random_9_12"	1	1	0	0	0	1	1	0	0	0	1	0	0	0	0	0	0	0	0	0	0	0	0	1	0	0	0	0	0	0	1.674936	4.49594933333333	0.6390140388352	3.85693529449813
"Bever_random_9_13"	1	1	0	0	0	1	1	0	0	0	1	0	0	0	0	0	0	0	0	0	0	0	0	1	0	0	0	0	0	0	1.712247	4.32872633333333	0.604567254473763	3.72415907885957
"Bever_random_9_14"	1	1	0	0	0	1	1	0	0	0	1	0	0	0	0	0	0	0	0	0	0	0	0	1	0	0	0	0	0	0	1.70281	4.01661366666667	0.593975916340849	3.42263775032582
"Bever_random_9_15"	1	1	0	0	0	1	1	0	0	0	1	0	0	0	0	0	0	0	0	0	0	0	0	0	0	0	0	0	0	0	1.737249	4.6294856	0.818168205918741	3.81131739408126
"Bever_random_9_16"	1	1	0	0	0	1	1	0	0	0	1	0	0	0	0	0	0	0	0	0	0	0	0	0	0	0	0	0	0	0	1.704951	4.1851418	0.734862451409682	3.45027934859032
"Bever_random_9_17"	1	1	0	0	0	1	1	0	0	0	1	0	0	0	0	0	0	0	0	0	0	0	0	0	0	0	0	0	0	0	1.736943	3.9337292	0.717497385978496	3.2162318140215
"Bever_random_9_18"	1	1	0	0	0	1	1	0	0	0	1	0	0	0	0	0	0	0	0	0	0	0	0	0	0	0	0	0	0	0	1.716125	3.5322138	0.601073969841135	2.93113983015886
"Bever_random_10_12"	1	1	0	1	1	1	0	0	0	0	1	0	0	0	0	0	0	1	0	0	0	0	0	1	0	0	0	0	0	0	1.705872	3.3077775	1.46579600199845	1.84198149800155
"Bever_random_10_13"	1	1	0	1	1	1	0	0	0	0	1	0	0	0	0	0	0	1	0	0	0	0	0	1	0	0	0	0	0	0	1.656587	2.98365225	1.06928404561952	1.91436820438048
"Bever_random_10_14"	1	1	0	1	1	1	0	0	0	0	1	0	0	0	0	0	0	1	0	0	0	0	0	1	0	0	0	0	0	0	1.686786	2.84075175	1.27203055645603	1.56872119354397
"Bever_random_10_15"	1	1	0	1	1	1	0	0	0	0	1	0	0	0	0	0	0	1	0	0	0	0	0	0	0	0	0	0	0	0	1.628872	2.90173371428571	1.09351133726405	1.80822237702166
"Bever_random_10_16"	1	1	0	1	1	1	0	0	0	0	1	0	0	0	0	0	0	1	0	0	0	0	0	0	0	0	0	0	0	0	1.651954	2.71849914285714	0.515006305467358	2.20349283738978
"Bever_random_10_17"	1	1	0	1	1	1	0	0	0	0	1	0	0	0	0	0	0	1	0	0	0	0	0	0	0	0	0	0	0	0	1.681456	2.54150971428571	1.06809737461962	1.47341233966609
"Bever_random_10_18"	1	1	0	0	1	1	0	0	0	0	1	0	0	0	0	0	0	1	0	0	0	0	0	0	0	0	0	0	0	0	1.718924	2.76617233333333	0.972481371831246	1.79369096150209
"Bever_random_11_12"	1	1	0	0	0	0	1	0	0	1	0	1	0	0	0	0	0	1	0	0	0	0	0	1	0	0	0	0	0	0	1.366998	2.97228714285714	-0.242890757122011	3.21517789997915
"Bever_random_11_13"	1	1	0	0	0	0	1	0	0	1	0	1	0	0	0	0	0	1	0	0	0	0	0	1	0	0	0	0	0	0	1.36175	2.76350685714286	-0.207754164991611	2.97126102213447
"Bever_random_11_14"	1	1	0	0	0	0	1	0	0	1	0	1	0	0	0	0	0	1	0	0	0	0	0	1	0	0	0	0	0	0	1.379993	2.61327557142857	-0.198484195037116	2.81175976646569
"Bever_random_11_15"	1	1	0	0	0	0	1	0	0	1	0	1	0	0	0	0	0	1	0	0	0	0	0	1	0	0	0	0	0	0	1.370331	2.39404914285714	-0.180369761808019	2.57441890466516
"Bever_random_11_16"	1	1	0	0	0	0	1	0	0	1	0	0	0	0	0	0	0	1	0	0	0	0	0	1	0	0	0	0	0	0	1.32789	2.522635	-0.20707596467553	2.72971096467553
"Bever_random_11_17"	1	1	0	0	0	0	1	0	0	1	0	0	0	0	0	0	0	1	0	0	0	0	0	1	0	0	0	0	0	0	1.33199	2.31088666666667	-0.170479079528161	2.48136574619483
"Bever_random_11_18"	1	1	0	0	0	0	1	0	0	1	0	0	0	0	0	0	0	1	0	0	0	0	0	1	0	0	0	0	0	0	1.319501	2.06182883333333	-0.136654437667811	2.19848327100114
"Bever_random_12_12"	1	0	0	0	1	1	1	0	0	1	1	1	0	0	0	0	0	1	0	0	0	0	0	0	0	0	0	0	0	0	1.622862	2.972401875	1.07492243691322	1.89747943808678
"Bever_random_12_13"	1	0	0	0	1	1	1	0	0	1	1	1	0	0	0	0	0	1	0	0	0	0	0	0	0	0	0	0	0	0	1.59766	2.712839625	1.05926659764849	1.65357302735151
"Bever_random_12_14"	1	0	0	0	1	1	1	0	0	1	1	1	0	0	0	0	0	1	0	0	0	0	0	0	0	0	0	0	0	0	1.671448	2.669931625	0.98353932370197	1.68639230129803
"Bever_random_12_15"	1	0	0	0	1	1	1	0	0	1	1	1	0	0	0	0	0	1	0	0	0	0	0	0	0	0	0	0	0	0	1.676785	2.471674625	0.94021260582301	1.53146201917699
"Bever_random_12_16"	1	0	0	0	1	1	1	0	0	1	1	1	0	0	0	0	0	1	0	0	0	0	0	0	0	0	0	0	0	0	1.629582	2.173570875	0.879107906684746	1.29446296831525
"Bever_random_12_17"	1	0	0	0	1	1	1	0	0	1	1	1	0	0	0	0	0	1	0	0	0	0	0	0	0	0	0	0	0	0	1.62897	1.968802125	0.811574422330059	1.15722770266994
"Bever_random_12_18"	1	0	0	0	1	1	1	0	0	1	1	1	0	0	0	0	0	1	0	0	0	0	0	0	0	0	0	0	0	0	1.629837	1.76658975	0.706286131426103	1.0603036185739
"Bever_random_13_12"	1	1	0	0	1	1	0	0	0	1	0	1	0	0	0	0	0	1	0	0	0	0	0	1	0	0	0	0	0	0	1.608722	2.915855875	1.27336756374281	1.64248831125719
"Bever_random_13_13"	1	1	0	0	1	1	0	0	0	1	0	1	0	0	0	0	0	1	0	0	0	0	0	1	0	0	0	0	0	0	1.620605	2.741502375	1.26786316488844	1.47363921011156
"Bever_random_13_14"	1	1	0	0	1	1	0	0	0	1	0	1	0	0	0	0	0	1	0	0	0	0	0	1	0	0	0	0	0	0	1.60465	2.505022375	1.17025951605713	1.33476285894287
"Bever_random_13_15"	1	1	0	0	1	1	0	0	0	1	0	1	0	0	0	0	0	1	0	0	0	0	0	1	0	0	0	0	0	0	1.573132	2.241405125	1.09005282261606	1.15135230238394
"Bever_random_13_16"	1	1	0	0	1	1	0	0	0	1	0	1	0	0	0	0	0	1	0	0	0	0	0	1	0	0	0	0	0	0	1.673061	2.2321305	1.06617474576944	1.16595575423056
"Bever_random_13_17"	1	1	0	0	1	1	0	0	0	0	0	1	0	0	0	0	0	1	0	0	0	0	0	1	0	0	0	0	0	0	1.630869	2.37051928571429	1.17482057182421	1.19569871389008
"Bever_random_13_18"	1	1	0	0	1	1	0	0	0	0	0	1	0	0	0	0	0	1	0	0	0	0	0	1	0	0	0	0	0	0	1.594179	2.06939942857143	1.04049923910944	1.02890018946199
"Bever_random_14_12"	0	1	0	1	1	1	1	0	1	1	1	1	0	0	0	0	0	1	0	0	0	0	0	0	0	0	0	0	0	0	1.723175	2.3455048	0.601946096463738	1.74355870353626
"Bever_random_14_13"	0	1	0	1	0	1	1	0	1	1	1	1	0	0	0	0	0	1	0	0	0	0	0	0	0	0	0	0	0	0	1.664356	2.46071066666667	0.286308659259365	2.1744020074073
"Bever_random_14_14"	0	1	0	1	0	1	1	0	1	1	1	1	0	0	0	0	0	0	0	0	0	0	0	0	0	0	0	0	0	0	1.596317	2.523114	0.217798303126863	2.30531569687314
"Bever_random_14_15"	0	1	0	1	0	1	1	0	1	1	1	1	0	0	0	0	0	0	0	0	0	0	0	0	0	0	0	0	0	0	1.622648	2.376236375	0.260034900913924	2.11620147408608
"Bever_random_14_16"	0	1	0	1	0	1	0	0	1	1	1	1	0	0	0	0	0	0	0	0	0	0	0	0	0	0	0	0	0	0	1.639297	2.69562228571429	0.617978111726293	2.07764417398799
"Bever_random_14_17"	0	1	0	1	0	1	0	0	1	1	1	0	0	0	0	0	0	0	0	0	0	0	0	0	0	0	0	0	0	0	1.586014	2.81141816666667	0.103122888803479	2.70829527786319
"Bever_random_14_18"	0	0	0	1	0	1	0	0	1	1	1	0	0	0	0	0	0	0	0	0	0	0	0	0	0	0	0	0	0	0	1.64692	3.4770436	1.21383828619267	2.26320531380733
"Bever_random_15_12"	1	1	0	1	1	1	1	0	0	0	0	1	0	0	0	0	0	1	0	0	0	0	0	0	0	0	0	0	0	0	1.658361	3.0295805	0.844809990079519	2.18477050992048
"Bever_random_15_13"	0	1	0	1	1	1	1	0	0	0	0	1	0	0	0	0	0	1	0	0	0	0	0	0	0	0	0	0	0	0	1.669002	3.27851871428571	1.10457377315848	2.17394494112723
"Bever_random_15_14"	0	1	0	1	1	1	1	0	0	0	0	1	0	0	0	0	0	1	0	0	0	0	0	0	0	0	0	0	0	0	1.608161	2.89233314285714	1.0227624675471	1.86957067531004
"Bever_random_15_15"	0	1	0	1	1	1	1	0	0	0	0	1	0	0	0	0	0	1	0	0	0	0	0	0	0	0	0	0	0	0	1.707495	2.889645	0.309450259205841	2.58019474079416
"Bever_random_15_16"	0	1	0	1	1	1	0	0	0	0	0	1	0	0	0	0	0	1	0	0	0	0	0	0	0	0	0	0	0	0	1.64371	3.13260383333333	1.09377753081711	2.03882630251622
"Bever_random_15_17"	0	1	0	1	1	1	0	0	0	0	0	1	0	0	0	0	0	1	0	0	0	0	0	0	0	0	0	0	0	0	1.692351	2.97214783333333	0.697496072418873	2.27465176091446
"Bever_random_15_18"	0	1	0	1	1	1	0	0	0	0	0	1	0	0	0	0	0	1	0	0	0	0	0	0	0	0	0	0	0	0	1.659497	2.61890566666667	0.188315208223129	2.43059045844354
"Bever_random_16_12"	0	1	0	1	1	0	1	0	0	1	0	1	0	0	0	0	0	0	0	0	0	0	0	0	0	0	0	0	0	0	1.51166	3.88656033333333	1.50413848197038	2.38242185136296
"Bever_random_16_13"	0	1	0	1	1	0	1	0	0	1	0	0	0	0	0	0	0	0	0	0	0	0	0	0	0	0	0	0	0	0	1.554719	4.5934352	1.57303355233459	3.02040164766541
"Bever_random_16_14"	0	1	0	1	1	0	1	0	0	1	0	0	0	0	0	0	0	0	0	0	0	0	0	0	0	0	0	0	0	0	1.586989	4.3922094	1.21282571605266	3.17938368394734
"Bever_random_16_15"	0	1	0	1	1	0	1	0	0	1	0	0	0	0	0	0	0	0	0	0	0	0	0	0	0	0	0	0	0	0	1.579147	4.0497172	0.641143543487964	3.40857365651204
"Bever_random_16_16"	0	1	0	1	1	0	1	0	0	1	0	0	0	0	0	0	0	0	0	0	0	0	0	0	0	0	0	0	0	0	1.553024	3.6555188	1.16779169516054	2.48772710483946
"Bever_random_16_17"	0	1	0	1	0	0	1	0	0	1	0	0	0	0	0	0	0	0	0	0	0	0	0	0	0	0	0	0	0	0	1.131798	3.07516775	-1.13593774718105	4.21110549718105
"Bever_random_16_18"	0	1	0	1	0	0	1	0	0	1	0	0	0	0	0	0	0	0	0	0	0	0	0	0	0	0	0	0	0	0	1.132787	2.7954325	-1.50762469536066	4.30305719536066
"Bever_random_17_12"	1	0	0	1	1	1	0	0	1	1	1	1	0	0	0	0	0	0	0	0	0	0	0	1	0	0	0	0	0	0	1.664202	2.81756411111111	1.29322253240644	1.52434157870467
"Bever_random_17_13"	1	0	0	0	1	1	0	0	1	1	1	1	0	0	0	0	0	0	0	0	0	0	0	1	0	0	0	0	0	0	1.689789	3.019409875	1.11973454701938	1.89967532798062
"Bever_random_17_14"	1	0	0	0	1	1	0	0	1	1	1	1	0	0	0	0	0	0	0	0	0	0	0	1	0	0	0	0	0	0	1.684232	2.796377625	1.02961797988235	1.76675964511765
"Bever_random_17_15"	1	0	0	0	1	1	0	0	1	1	1	1	0	0	0	0	0	0	0	0	0	0	0	1	0	0	0	0	0	0	1.705644	2.628672625	1.02357482331159	1.60509780168841
"Bever_random_17_16"	1	0	0	0	1	1	0	0	1	1	1	1	0	0	0	0	0	0	0	0	0	0	0	1	0	0	0	0	0	0	1.673042	2.354338375	0.939569428333023	1.41476894666698
"Bever_random_17_17"	1	0	0	0	1	1	0	0	1	1	1	1	0	0	0	0	0	0	0	0	0	0	0	1	0	0	0	0	0	0	1.689204	2.173491625	0.878358474141931	1.29513315085807
"Bever_random_17_18"	1	0	0	0	1	1	0	0	1	1	0	1	0	0	0	0	0	0	0	0	0	0	0	1	0	0	0	0	0	0	1.744491	2.35883585714286	0.897333432516089	1.46150242462677
"Bever_random_18_12"	0	0	0	1	1	0	1	0	0	1	1	0	0	0	0	0	0	0	0	0	0	0	0	1	0	0	0	0	0	0	1.548056	4.23538666666667	0.929866364385081	3.30552030228159
"Bever_random_18_13"	0	0	0	1	1	0	1	0	0	1	1	0	0	0	0	0	0	0	0	0	0	0	0	1	0	0	0	0	0	0	1.542053	3.95936833333333	2.00384503488179	1.95552329845154
"Bever_random_18_14"	0	0	0	1	1	0	1	0	0	1	1	0	0	0	0	0	0	0	0	0	0	0	0	1	0	0	0	0	0	0	1.48641	3.54470433333333	1.20942250431458	2.33528182901875
"Bever_random_18_15"	0	0	0	1	1	0	1	0	0	0	1	0	0	0	0	0	0	0	0	0	0	0	0	1	0	0	0	0	0	0	1.532693	4.3045368	2.30816094765446	1.99637585234554
"Bever_random_18_16"	0	0	0	1	1	0	1	0	0	0	1	0	0	0	0	0	0	0	0	0	0	0	0	1	0	0	0	0	0	0	1.548913	4.0466582	1.903548402597	2.143109797403
"Bever_random_18_17"	0	0	0	1	1	0	1	0	0	0	1	0	0	0	0	0	0	0	0	0	0	0	0	1	0	0	0	0	0	0	1.455206	3.474496	1.78848294305368	1.68601305694632
"Bever_random_18_18"	0	0	0	1	1	0	1	0	0	0	1	0	0	0	0	0	0	0	0	0	0	0	0	1	0	0	0	0	0	0	1.558286	3.4514628	1.73290359199006	1.71855920800994
"Bever_random_19_12"	1	1	0	1	0	0	0	0	1	0	1	1	0	0	0	0	0	1	0	0	0	0	0	1	0	0	0	0	0	0	1.448364	2.923914	1.03720322190384	1.88671077809616
"Bever_random_19_13"	1	1	0	1	0	0	0	0	1	0	0	1	0	0	0	0	0	1	0	0	0	0	0	1	0	0	0	0	0	0	1.437702	3.12077471428571	1.11355620710404	2.00721850718167
"Bever_random_19_14"	1	1	0	1	0	0	0	0	1	0	0	1	0	0	0	0	0	1	0	0	0	0	0	1	0	0	0	0	0	0	1.435284	2.90951642857143	1.01356891478107	1.89594751379036
"Bever_random_19_15"	1	1	0	1	0	0	0	0	1	0	0	1	0	0	0	0	0	0	0	0	0	0	0	1	0	0	0	0	0	0	1.365258	3.11174166666667	1.41462178429243	1.69711988237424
"Bever_random_19_16"	1	1	0	1	0	0	0	0	1	0	0	1	0	0	0	0	0	0	0	0	0	0	0	1	0	0	0	0	0	0	1.367705	2.89031616666667	1.19672730568592	1.69358886098074
"Bever_random_19_17"	1	1	0	1	0	0	0	0	1	0	0	1	0	0	0	0	0	0	0	0	0	0	0	1	0	0	0	0	0	0	1.398549	2.73433466666667	1.2040511445701	1.53028352209656
"Bever_random_19_18"	1	1	0	1	0	0	0	0	1	0	0	1	0	0	0	0	0	0	0	0	0	0	0	1	0	0	0	0	0	0	1.379542	2.46006133333333	1.02134278437615	1.43871854895718
"Bever_random_20_12"	1	1	0	1	1	0	1	0	0	1	1	1	0	0	0	0	0	1	0	0	0	0	0	0	0	0	0	0	0	0	1.489876	2.41908111111111	0.520235033826356	1.89884607728475
"Bever_random_20_13"	1	1	0	1	1	0	1	0	0	1	0	1	0	0	0	0	0	1	0	0	0	0	0	0	0	0	0	0	0	0	1.548408	2.678727625	1.35459598876888	1.32413163623112
"Bever_random_20_14"	1	1	0	0	1	0	1	0	0	1	0	1	0	0	0	0	0	1	0	0	0	0	0	0	0	0	0	0	0	0	1.544717	2.83135771428571	1.2086030551524	1.62275465913332
"Bever_random_20_15"	0	1	0	0	1	0	1	0	0	1	0	1	0	0	0	0	0	1	0	0	0	0	0	0	0	0	0	0	0	0	1.555823	3.10538216666667	0.964811109984253	2.14057105668241
"Bever_random_20_16"	0	1	0	0	0	0	1	0	0	1	0	1	0	0	0	0	0	1	0	0	0	0	0	0	0	0	0	0	0	0	1.347662	3.085464	-0.489530637492304	3.5749946374923
"Bever_random_20_17"	0	1	0	0	0	0	1	0	0	1	0	1	0	0	0	0	0	1	0	0	0	0	0	0	0	0	0	0	0	0	1.349331	2.8206048	-0.446700268511554	3.26730506851155
"Bever_random_20_18"	0	0	0	0	0	0	1	0	0	1	0	1	0	0	0	0	0	1	0	0	0	0	0	0	0	0	0	0	0	0	1.308451	3.3832995	-0.222121330190539	3.60542083019054
"Bever_random_21_12"	1	0	0	1	0	1	0	0	0	1	0	1	0	0	0	0	0	1	0	0	0	0	0	1	0	0	0	0	0	0	1.489422	3.406217	-0.203822597221032	3.61003959722103
"Bever_random_21_13"	1	0	0	1	0	1	0	0	0	1	0	1	0	0	0	0	0	0	0	0	0	0	0	1	0	0	0	0	0	0	1.526828	3.98115666666667	-0.336549140384646	4.31770580705131
"Bever_random_21_14"	1	0	0	1	0	0	0	0	0	1	0	1	0	0	0	0	0	0	0	0	0	0	0	1	0	0	0	0	0	0	1.069	3.2816136	-0.546111095487389	3.82772469548739
"Bever_random_21_15"	1	0	0	1	0	0	0	0	0	1	0	1	0	0	0	0	0	0	0	0	0	0	0	1	0	0	0	0	0	0	1.083012	3.112652	-0.286154862857993	3.39880686285799
"Bever_random_21_16"	1	0	0	1	0	0	0	0	0	1	0	1	0	0	0	0	0	0	0	0	0	0	0	1	0	0	0	0	0	0	1.076456	2.8763816	0.798292102861031	2.07808949713897
"Bever_random_21_17"	1	0	0	0	0	0	0	0	0	1	0	1	0	0	0	0	0	0	0	0	0	0	0	1	0	0	0	0	0	0	1.08088	3.3420565	1.13299334181388	2.20906315818612
"Bever_random_21_18"	1	0	0	0	0	0	0	0	0	1	0	1	0	0	0	0	0	0	0	0	0	0	0	1	0	0	0	0	0	0	1.083087	3.07900925	1.0373555750633	2.0416536749367
"Bever_random_22_12"	1	1	0	1	1	1	0	0	1	1	0	1	0	0	0	0	0	1	0	0	0	0	0	0	0	0	0	0	0	0	1.717721	2.72204233333333	0.890701697186583	1.83134063614675
"Bever_random_22_13"	1	1	0	1	1	1	0	0	1	1	0	0	0	0	0	0	0	1	0	0	0	0	0	0	0	0	0	0	0	0	1.710093	2.878471	0.83760962553182	2.04086137446818
"Bever_random_22_14"	1	1	0	1	1	1	0	0	1	1	0	0	0	0	0	0	0	1	0	0	0	0	0	0	0	0	0	0	0	0	1.709653	2.663774375	0.512626470151927	2.15114790484807
"Bever_random_22_15"	1	1	0	1	1	1	0	0	1	1	0	0	0	0	0	0	0	1	0	0	0	0	0	0	0	0	0	0	0	0	1.700616	2.43199375	0.775775364075823	1.65621838592418
"Bever_random_22_16"	1	1	0	1	1	1	0	0	1	1	0	0	0	0	0	0	0	1	0	0	0	0	0	0	0	0	0	0	0	0	1.717792	2.25162175	0.679048087408369	1.57257366259163
"Bever_random_22_17"	1	1	0	1	1	0	0	0	1	1	0	0	0	0	0	0	0	1	0	0	0	0	0	0	0	0	0	0	0	0	1.65547	2.46481514285714	1.02750074397716	1.43731439887998
"Bever_random_22_18"	1	1	0	1	1	0	0	0	1	0	0	0	0	0	0	0	0	1	0	0	0	0	0	0	0	0	0	0	0	0	1.631523	2.71454416666667	1.09389302179446	1.62065114487221
"Bever_random_23_12"	1	1	0	1	1	1	1	0	1	1	0	1	0	0	0	0	0	0	0	0	0	0	0	1	0	0	0	0	0	0	1.744768	2.4439899	0.937895730994796	1.5060941690052
"Bever_random_23_13"	1	1	0	1	1	1	0	0	1	1	0	1	0	0	0	0	0	0	0	0	0	0	0	1	0	0	0	0	0	0	1.689299	2.54767411111111	1.01267378146772	1.53500032964339
"Bever_random_23_14"	1	1	0	1	1	1	0	0	1	1	0	1	0	0	0	0	0	0	0	0	0	0	0	1	0	0	0	0	0	0	1.730402	2.43761322222222	0.957076717269298	1.48053650495292
"Bever_random_23_15"	1	1	0	1	1	1	0	0	1	0	0	1	0	0	0	0	0	0	0	0	0	0	0	1	0	0	0	0	0	0	1.705182	2.600617125	1.03027772755807	1.57033939744193
"Bever_random_23_16"	1	1	0	1	1	1	0	0	1	0	0	1	0	0	0	0	0	0	0	0	0	0	0	1	0	0	0	0	0	0	1.698646	2.375214375	1.02476575973929	1.35044861526071
"Bever_random_23_17"	1	1	0	1	1	1	0	0	0	0	0	1	0	0	0	0	0	0	0	0	0	0	0	1	0	0	0	0	0	0	1.671883	2.57521828571429	1.48794718871561	1.08727109699868
"Bever_random_23_18"	1	1	0	1	1	1	0	0	0	0	0	1	0	0	0	0	0	0	0	0	0	0	0	0	0	0	0	0	0	0	1.649548	2.710637	1.17080758439608	1.53982941560392
"Bever_random_24_12"	0	1	0	1	1	1	1	0	1	0	0	1	0	0	0	0	0	1	0	0	0	0	0	1	0	0	0	0	0	0	1.688587	2.63256388888889	0.558944262986509	2.07361962590238
"Bever_random_24_13"	0	1	0	1	1	1	1	0	1	0	0	1	0	0	0	0	0	1	0	0	0	0	0	1	0	0	0	0	0	0	1.762631	2.59303111111111	0.778759235275159	1.81427187583595
"Bever_random_24_14"	0	1	0	1	1	1	1	0	1	0	0	1	0	0	0	0	0	1	0	0	0	0	0	1	0	0	0	0	0	0	1.694033	2.26760922222222	0.691041948542531	1.57656727367969
"Bever_random_24_15"	0	1	0	1	1	1	1	0	1	0	0	0	0	0	0	0	0	1	0	0	0	0	0	1	0	0	0	0	0	0	1.759499	2.51828975	0.530304400408244	1.98798534959176
"Bever_random_24_16"	0	1	0	1	1	1	1	0	1	0	0	0	0	0	0	0	0	0	0	0	0	0	0	1	0	0	0	0	0	0	1.738365	2.704192	0.634218028179439	2.06997397182056
"Bever_random_24_17"	0	1	0	1	1	1	0	0	1	0	0	0	0	0	0	0	0	0	0	0	0	0	0	1	0	0	0	0	0	0	1.753377	3.1055875	0.935364110632925	2.17022338936708
"Bever_random_24_18"	0	1	0	1	1	1	0	0	0	0	0	0	0	0	0	0	0	0	0	0	0	0	0	1	0	0	0	0	0	0	1.726044	3.524592	1.12117422275301	2.40341777724699
"Bever_random_25_12"	0	0	0	1	0	0	1	0	1	0	1	1	0	0	0	0	0	0	0	0	0	0	0	0	0	0	0	0	0	0	1.305458	4.3987084	1.37578134034677	3.02292705965323
"Bever_random_25_13"	0	0	0	1	0	0	1	0	1	0	0	1	0	0	0	0	0	0	0	0	0	0	0	0	0	0	0	0	0	0	1.306061	5.19833225	1.684119163386	3.514213086614
"Bever_random_25_14"	0	0	0	1	0	0	1	0	1	0	0	1	0	0	0	0	0	0	0	0	0	0	0	0	0	0	0	0	0	0	1.306476	4.87358075	1.72924639769102	3.14433435230898
"Bever_random_25_15"	0	0	0	1	0	0	1	0	1	0	0	1	0	0	0	0	0	0	0	0	0	0	0	0	0	0	0	0	0	0	1.303072	4.53334575	1.01407591411014	3.51926983588986
"Bever_random_25_16"	0	0	0	1	0	0	1	0	1	0	0	0	0	0	0	0	0	0	0	0	0	0	0	0	0	0	0	0	0	0	1.276528	5.605521	1.28561408717558	4.31990691282443
"Bever_random_25_17"	0	0	0	1	0	0	1	0	0	0	0	0	0	0	0	0	0	0	0	0	0	0	0	0	0	0	0	0	0	0	1.220845	7.929307	-1.33520649485703	9.26451349485704
"Bever_random_25_18"	0	0	0	1	0	0	1	0	0	0	0	0	0	0	0	0	0	0	0	0	0	0	0	0	0	0	0	0	0	0	1.231719	7.3895655	2.00731039581141	5.38225510418859
"Bever_random_26_12"	1	1	0	0	1	1	1	0	1	1	0	0	0	0	0	0	0	1	0	0	0	0	0	1	0	0	0	0	0	0	1.748817	2.67139388888889	0.675158386448991	1.9962355024399
"Bever_random_26_13"	1	0	0	0	1	1	1	0	1	1	0	0	0	0	0	0	0	1	0	0	0	0	0	1	0	0	0	0	0	0	1.716646	2.878199375	0.699455571505737	2.17874380349426
"Bever_random_26_14"	1	0	0	0	1	1	1	0	1	1	0	0	0	0	0	0	0	1	0	0	0	0	0	1	0	0	0	0	0	0	1.713365	2.6566465	0.697972662160676	1.95867383783932
"Bever_random_26_15"	1	0	0	0	1	1	1	0	1	1	0	0	0	0	0	0	0	1	0	0	0	0	0	1	0	0	0	0	0	0	1.695353	2.406451875	0.659424125630546	1.74702774936945
"Bever_random_26_16"	1	0	0	0	1	1	0	0	1	1	0	0	0	0	0	0	0	1	0	0	0	0	0	1	0	0	0	0	0	0	1.699335	2.69262428571429	0.817586571429212	1.87503771428507
"Bever_random_26_17"	1	0	0	0	1	1	0	0	1	1	0	0	0	0	0	0	0	1	0	0	0	0	0	1	0	0	0	0	0	0	1.716709	2.48461014285714	0.790150828019451	1.69445931483769
"Bever_random_26_18"	1	0	0	0	1	1	0	0	1	1	0	0	0	0	0	0	0	1	0	0	0	0	0	1	0	0	0	0	0	0	1.732475	2.26864571428571	0.689043784470659	1.57960192981505
"Bever_random_27_12"	0	0	0	0	0	0	1	0	0	0	1	1	0	0	0	0	0	1	0	0	0	0	0	1	0	0	0	0	0	0	1.495393	5.1284438	-0.116083987695352	5.24452778769535
"Bever_random_27_13"	0	0	0	0	0	0	1	0	0	0	1	1	0	0	0	0	0	1	0	0	0	0	0	1	0	0	0	0	0	0	1.488916	4.806048	-0.148594400671051	4.95464240067105
"Bever_random_27_14"	0	0	0	0	0	0	1	0	0	0	1	1	0	0	0	0	0	1	0	0	0	0	0	1	0	0	0	0	0	0	1.480217	4.4786882	-0.143805343247905	4.6224935432479
"Bever_random_27_15"	0	0	0	0	0	0	1	0	0	0	0	1	0	0	0	0	0	1	0	0	0	0	0	1	0	0	0	0	0	0	1.511781	5.37815975	-0.116214113138253	5.49437386313825
"Bever_random_27_16"	0	0	0	0	0	0	1	0	0	0	0	1	0	0	0	0	0	1	0	0	0	0	0	1	0	0	0	0	0	0	1.507336	4.98354575	-0.130204161724833	5.11374991172483
"Bever_random_27_17"	0	0	0	0	0	0	1	0	0	0	0	0	0	0	0	0	0	1	0	0	0	0	0	1	0	0	0	0	0	0	1.469844	6.095457	-0.147179563362275	6.24263656336228
"Bever_random_27_18"	0	0	0	0	0	0	0	0	0	0	0	0	0	0	0	0	0	1	0	0	0	0	0	1	0	0	0	0	0	0	0.995546	5.9415155	0.536763089804427	5.40475241019557
"Bever_random_28_12"	0	1	0	0	1	1	0	0	0	1	0	1	0	0	0	0	0	1	0	0	0	0	0	1	0	0	0	0	0	0	1.651442	3.47404814285714	1.22043394978732	2.25361419306983
"Bever_random_28_13"	0	1	0	0	1	1	0	0	0	1	0	1	0	0	0	0	0	1	0	0	0	0	0	1	0	0	0	0	0	0	1.562246	3.00876671428571	1.10732539142489	1.90144132286083
"Bever_random_28_14"	0	1	0	0	1	1	0	0	0	1	0	0	0	0	0	0	0	1	0	0	0	0	0	1	0	0	0	0	0	0	1.618797	3.47415	0.979903730024754	2.49424626997525
"Bever_random_28_15"	0	1	0	0	1	1	0	0	0	1	0	0	0	0	0	0	0	1	0	0	0	0	0	1	0	0	0	0	0	0	1.733054	3.50903583333333	1.02972626984434	2.47930956348899
"Bever_random_28_16"	0	1	0	0	1	1	0	0	0	1	0	0	0	0	0	0	0	1	0	0	0	0	0	1	0	0	0	0	0	0	1.655123	3.025366	0.914734924796715	2.11063107520328
"Bever_random_28_17"	0	0	0	0	1	1	0	0	0	1	0	0	0	0	0	0	0	1	0	0	0	0	0	1	0	0	0	0	0	0	1.638716	3.515664	1.15995118992878	2.35571281007122
"Bever_random_28_18"	0	0	0	0	1	1	0	0	0	0	0	0	0	0	0	0	0	1	0	0	0	0	0	1	0	0	0	0	0	0	1.644035	4.25227275	1.32767770690838	2.92459504309162
"Bever_random_29_12"	1	0	0	1	1	1	1	0	0	1	0	1	0	0	0	0	0	1	0	0	0	0	0	1	0	0	0	0	0	0	1.623265	2.63121033333333	0.514069408759791	2.11714092457354
"Bever_random_29_13"	1	0	0	1	1	1	1	0	0	1	0	1	0	0	0	0	0	1	0	0	0	0	0	1	0	0	0	0	0	0	1.623983	2.45228355555556	0.896844655824832	1.55543889973072
"Bever_random_29_14"	1	0	0	1	1	1	1	0	0	0	0	1	0	0	0	0	0	1	0	0	0	0	0	1	0	0	0	0	0	0	1.688866	2.81874	1.50879203059402	1.30994796940598
"Bever_random_29_15"	1	0	0	1	1	1	1	0	0	0	0	1	0	0	0	0	0	1	0	0	0	0	0	1	0	0	0	0	0	0	1.705729	2.64135775	1.26573382664665	1.37562392335335
"Bever_random_29_16"	1	0	0	1	1	1	1	0	0	0	0	1	0	0	0	0	0	1	0	0	0	0	0	1	0	0	0	0	0	0	1.654387	2.331875375	1.33424007457762	0.997635300422383
"Bever_random_29_17"	0	0	0	1	1	1	1	0	0	0	0	1	0	0	0	0	0	1	0	0	0	0	0	1	0	0	0	0	0	0	1.667451	2.48047457142857	1.14321896123656	1.33725561019201
"Bever_random_29_18"	0	0	0	1	1	1	1	0	0	0	0	1	0	0	0	0	0	1	0	0	0	0	0	1	0	0	0	0	0	0	1.641314	2.19372714285714	1.06331740148503	1.13040974137211
"Bever_random_30_12"	1	1	0	1	0	0	1	0	0	0	1	0	0	0	0	0	0	1	0	0	0	0	0	1	0	0	0	0	0	0	1.47137	3.43980014285714	-1.16116528652047	4.60096542937762
"Bever_random_30_13"	1	1	0	1	0	0	1	0	0	0	1	0	0	0	0	0	0	1	0	0	0	0	0	1	0	0	0	0	0	0	1.477747	3.24600242857143	-3.86040455729155	7.10640698586298
"Bever_random_30_14"	1	1	0	1	0	0	1	0	0	0	1	0	0	0	0	0	0	1	0	0	0	0	0	1	0	0	0	0	0	0	1.470155	3.016458	-2.22516900660017	5.24162700660017
"Bever_random_30_15"	1	1	0	1	0	0	1	0	0	0	1	0	0	0	0	0	0	1	0	0	0	0	0	1	0	0	0	0	0	0	1.487684	2.84650214285714	-0.0434813813861097	2.88998352424325
"Bever_random_30_16"	1	1	0	1	0	0	1	0	0	0	1	0	0	0	0	0	0	1	0	0	0	0	0	1	0	0	0	0	0	0	1.466857	2.58934657142857	-1.16507244846465	3.75441901989322
"Bever_random_30_17"	1	1	0	1	0	0	0	0	0	0	1	0	0	0	0	0	0	1	0	0	0	0	0	1	0	0	0	0	0	0	1.362419	2.73813583333333	-0.0362293554715377	2.77436518880487
"Bever_random_30_18"	1	1	0	1	0	0	0	0	0	0	1	0	0	0	0	0	0	1	0	0	0	0	0	1	0	0	0	0	0	0	1.367009	2.521011	-1.11582436899199	3.63683536899199
