"assemblage"	"AVir"	"PMon"	"TBac"	"AAlb"	"PCem"	"LDec"	"BPen"	"QRob"	"PAbi"	"PSyl"	"PNig"	"AInc"	"UGla"	"TPla"	"AGlu"	"QPub"	"SAri"	"PTre"	"APla"	"TCor"	"SAlb"	"QPet"	"CAve"	"SAuc"	"FSyl"	"ACam"	"CSat"	"APse"	"FExc"	"CBet"	"productivity"	"DeltaY"	"Selection"	"Complementarity"
"Huttwil_increasing_11"	1	1	1	1	1	1	1	1	1	1	1	1	1	1	1	1	1	1	1	1	0	0	0	0	0	0	0	0	0	0	2.194857	0.4876607	0.0249844008826416	0.462676299117358
"Huttwil_decreasing_11"	0	0	0	0	0	0	0	0	0	0	1	1	1	1	1	1	1	1	1	1	1	1	1	1	1	1	1	1	1	1	2.997621	1.0365369	0.399574467748827	0.636962432251173
"Huttwil_random_1_11"	1	1	1	1	1	0	0	1	1	0	1	1	1	1	0	0	1	1	1	1	0	1	0	0	1	0	0	1	1	1	2.946675	1.2019262	0.610822077338589	0.591104122661411
"Huttwil_random_2_11"	1	0	1	1	0	1	1	0	1	0	0	0	1	1	0	1	1	0	1	1	0	1	0	1	1	1	1	1	1	1	2.598418	1.0550306	0.653636747814016	0.401393852185984
"Huttwil_random_3_11"	0	1	0	1	1	1	0	0	0	0	1	1	1	1	0	1	0	1	0	1	1	1	1	1	1	1	0	1	1	1	3.381438	1.4517335	0.602160111785331	0.849573388214669
"Huttwil_random_4_11"	1	1	0	0	1	0	1	1	1	1	1	1	0	1	1	0	1	0	0	1	1	0	1	1	0	0	1	1	1	1	2.17062	0.34206105	0.0667797740000901	0.27528127599991
"Huttwil_random_5_11"	0	1	0	1	1	1	1	1	0	1	0	1	1	1	1	1	0	1	1	0	1	0	1	1	0	0	1	1	0	1	1.874848	0.0539072999999999	-0.480795883234371	0.534703183234371
"Huttwil_random_6_11"	1	1	1	1	1	0	1	1	1	1	1	0	1	1	0	0	1	0	1	0	0	1	1	1	0	0	1	1	0	1	2.164655	0.7929953	0.444282323608467	0.348712976391533
"Huttwil_random_7_11"	1	1	0	1	0	0	1	1	1	1	0	0	0	1	1	0	1	1	0	0	1	1	1	1	1	1	1	0	1	1	2.82426	1.0560272	0.558410691324398	0.497616508675602
"Huttwil_random_8_11"	1	1	0	1	1	1	0	1	1	1	1	1	0	0	1	0	1	1	0	1	1	0	0	0	0	1	1	1	1	1	2.369386	0.4253166	-0.126503140515811	0.551819740515811
"Huttwil_random_9_11"	1	1	0	0	0	1	1	1	1	0	1	0	1	1	1	1	1	0	0	0	1	1	1	1	1	1	1	0	1	0	2.969705	1.1090737	0.544838872347155	0.564234827652845
"Huttwil_random_10_11"	1	1	0	1	1	1	0	0	0	0	1	0	1	1	1	1	1	1	0	1	1	1	1	1	1	1	0	0	0	1	3.379329	1.67860855	0.947886178467684	0.730722371532316
"Huttwil_random_11_11"	1	1	0	0	1	0	1	0	0	1	0	1	1	0	1	1	1	1	0	1	0	1	1	1	1	1	1	1	1	0	2.789441	1.1278775	0.621648518880691	0.506228981119309
"Huttwil_random_12_11"	1	0	1	0	1	1	1	0	0	1	1	1	1	1	1	1	0	1	1	1	0	0	1	0	1	0	1	1	1	0	2.874236	1.0304308	0.431617639007453	0.598813160992547
"Huttwil_random_13_11"	1	1	1	0	1	1	0	1	0	1	0	1	1	1	0	1	0	1	1	1	0	0	1	1	0	0	1	1	1	1	1.888704	0.3581668	0.0125099681746688	0.345656831825331
"Huttwil_random_14_11"	0	1	1	1	1	1	1	1	1	1	1	1	1	1	0	0	0	1	0	1	1	1	1	0	1	0	1	0	0	0	2.812252	0.909624	0.334534002143902	0.575089997856098
"Huttwil_random_15_11"	1	1	1	1	1	1	1	1	1	0	0	1	1	0	1	1	1	1	1	0	0	1	1	0	0	1	0	0	0	1	2.138948	0.5251967	0.191505368624168	0.333691331375832
"Huttwil_random_16_11"	0	1	0	1	1	0	1	1	0	1	0	1	1	0	1	0	0	0	1	1	1	1	1	1	1	0	1	1	1	1	2.951093	1.0498031	0.268141715030011	0.781661384969989
"Huttwil_random_17_11"	1	0	1	1	1	1	0	0	1	1	1	1	0	0	0	0	1	0	1	0	1	1	1	1	0	1	1	1	1	1	2.265731	0.57983345	0.189611479265997	0.390221970734003
"Huttwil_random_18_11"	1	0	1	1	1	0	1	1	0	1	1	0	1	1	1	1	1	0	0	0	0	1	1	1	1	1	1	0	1	0	2.929458	1.3802243	0.828798393841154	0.551425906158846
"Huttwil_random_19_11"	1	1	1	1	0	0	0	1	1	0	1	1	1	1	1	1	1	1	1	0	1	1	1	1	1	0	0	0	0	0	2.905159	1.1289901	0.612205341013158	0.516784758986842
"Huttwil_random_20_11"	1	1	1	1	1	0	1	1	0	1	1	1	1	1	1	0	0	1	1	0	0	0	1	0	1	0	1	1	1	0	2.884098	1.10873245	0.471015876647067	0.637716573352933
"Huttwil_random_21_11"	1	0	1	1	0	1	1	0	0	1	0	1	1	1	1	0	1	1	1	1	0	0	1	1	0	0	1	1	1	1	1.919601	0.3131068	-0.176831375841594	0.489938175841594
"Huttwil_random_22_11"	1	1	1	1	1	1	0	1	1	1	1	1	0	1	1	1	1	1	1	0	1	0	1	0	0	0	1	0	0	0	2.102461	0.36607615	-0.0583642426279671	0.424440392627967
"Huttwil_random_23_11"	1	1	0	1	1	1	1	0	1	1	0	1	1	1	0	0	1	0	1	1	1	0	1	1	0	1	1	0	0	1	1.987702	0.48183825	0.160725051009678	0.321113198990322
"Huttwil_random_24_11"	1	1	0	1	1	1	1	0	1	0	0	1	1	0	1	0	0	1	0	1	1	1	1	1	0	1	1	1	1	0	2.157928	0.37272175	-0.0376644066040379	0.410386156604038
"Huttwil_random_25_11"	0	0	1	1	0	0	1	1	1	0	1	1	1	1	1	1	1	0	1	1	0	1	1	0	1	0	0	1	1	1	2.977874	1.0983964	0.491117028377933	0.607279371622067
"Huttwil_random_26_11"	1	1	1	0	1	1	1	1	1	1	0	0	1	0	1	1	1	1	0	1	0	0	0	1	1	0	1	1	1	0	2.759164	1.0629515	0.593912037413715	0.469039462586285
"Huttwil_random_27_11"	1	0	1	0	0	0	1	1	0	0	1	1	0	1	0	1	1	1	0	1	0	1	1	1	1	1	1	1	1	1	2.936721	1.2232018	0.674688993278424	0.548512806721576
"Huttwil_random_28_11"	0	1	1	0	1	1	0	0	0	1	0	1	0	0	1	0	1	1	1	1	1	1	1	1	1	1	1	1	0	1	2.803375	1.03705175	0.477730076217453	0.559321673782547
"Huttwil_random_29_11"	1	0	0	1	1	1	1	0	0	1	0	1	0	1	1	1	1	1	0	0	0	1	1	1	1	1	0	1	1	1	3.315154	1.5769358	0.858705892722555	0.718229907277445
"Huttwil_random_30_11"	1	1	1	1	0	1	1	0	0	0	1	0	0	1	0	1	1	1	1	1	1	0	1	1	1	0	1	1	1	0	2.805426	1.07187595	0.498359051596582	0.573516898403418
