"assemblage"	"AVir"	"PMon"	"TBac"	"AAlb"	"PCem"	"LDec"	"BPen"	"QRob"	"PAbi"	"PSyl"	"PNig"	"AInc"	"UGla"	"TPla"	"AGlu"	"QPub"	"SAri"	"PTre"	"APla"	"TCor"	"SAlb"	"QPet"	"CAve"	"SAuc"	"FSyl"	"ACam"	"CSat"	"APse"	"FExc"	"CBet"	"productivity"	"DeltaY"	"Selection"	"Complementarity"
"Schaffhausen_increasing_13"	1	1	1	1	1	1	1	1	1	1	1	1	1	1	1	1	1	1	0	0	0	0	0	0	0	0	0	0	0	0	1.697369	0.613041388888889	0.0173229334090516	0.595718455479837
"Schaffhausen_decreasing_13"	0	0	0	0	0	0	0	0	0	0	0	0	1	1	1	1	1	1	1	1	1	1	1	1	1	1	1	1	1	1	2.154178	0.989521944444445	0.655507983845758	0.334013960598686
"Schaffhausen_random_1_13"	1	0	1	1	0	0	0	1	1	0	1	1	1	1	0	0	1	1	1	1	0	1	0	0	1	0	0	1	1	1	2.581911	1.39532066666667	0.818231789818716	0.577088876847951
"Schaffhausen_random_2_13"	1	0	1	1	0	1	1	0	1	0	0	0	1	0	0	1	1	0	1	1	0	1	0	0	1	1	1	1	1	1	2.31169	0.999086722222222	0.489326194250827	0.509760527971395
"Schaffhausen_random_3_13"	0	1	0	1	1	1	0	0	0	0	1	1	1	1	0	1	0	1	0	0	1	1	1	1	1	1	0	0	1	1	2.629083	1.45149372222222	0.898354180727212	0.55313954149501
"Schaffhausen_random_4_13"	1	1	0	0	1	0	1	1	1	0	1	1	0	1	1	0	1	0	0	1	1	0	1	1	0	0	0	1	1	1	1.710324	0.783301444444445	0.456423106890244	0.3268783375542
"Schaffhausen_random_5_13"	0	1	0	1	1	1	1	1	0	0	0	1	1	1	1	1	0	1	1	0	1	0	1	1	0	0	1	0	0	1	1.503562	0.396577888888889	0.084256610954741	0.312321277934148
"Schaffhausen_random_6_13"	0	1	1	1	1	0	1	0	1	1	1	0	1	1	0	0	1	0	1	0	0	1	1	1	0	0	1	1	0	1	1.684643	0.6349795	0.303579759264673	0.331399740735327
"Schaffhausen_random_7_13"	1	0	0	1	0	0	1	1	1	1	0	0	0	1	1	0	1	1	0	0	1	0	1	1	1	1	1	0	1	1	2.076349	0.965616722222222	0.647605040825301	0.318011681396922
"Schaffhausen_random_8_13"	1	1	0	1	1	0	0	1	1	1	1	1	0	0	1	0	1	1	0	1	1	0	0	0	0	1	1	0	1	1	1.595764	0.5949245	0.269488581666724	0.325435918333276
"Schaffhausen_random_9_13"	1	1	0	0	0	1	1	1	0	0	1	0	1	0	1	1	1	0	0	0	1	1	1	1	1	1	1	0	1	0	2.213894	1.09583588888889	0.711528874776086	0.384307014112803
"Schaffhausen_random_10_13"	1	1	0	1	1	1	0	0	0	0	1	0	1	1	0	1	1	1	0	1	1	0	1	1	1	1	0	0	0	1	2.530807	1.49302588888889	0.942630656540415	0.550395232348474
"Schaffhausen_random_11_13"	1	1	0	0	0	0	1	0	0	1	0	1	0	0	1	1	1	1	0	1	0	1	1	1	1	1	1	1	1	0	2.137634	0.970698388888889	0.647501005692227	0.323197383196662
"Schaffhausen_random_12_13"	1	0	1	0	1	1	1	0	0	1	1	1	1	1	1	1	0	1	1	0	0	0	1	0	1	0	0	1	1	0	2.468367	1.31261411111111	0.800224288651193	0.512389822459918
"Schaffhausen_random_13_13"	1	1	1	0	1	1	0	0	0	1	0	1	1	1	0	1	0	1	1	1	0	0	0	1	0	0	1	1	1	1	1.373747	0.178599833333333	0.0128975414574532	0.16570229187588
"Schaffhausen_random_14_13"	0	1	1	1	0	1	1	1	1	1	1	1	1	1	0	0	0	1	0	1	1	1	1	0	0	0	1	0	0	0	1.640476	0.506765444444445	0.167744805572123	0.339020638872322
"Schaffhausen_random_15_13"	0	1	1	1	1	1	1	1	0	0	0	1	1	0	1	1	1	1	1	0	0	1	1	0	0	1	0	0	0	1	1.919492	0.756378166666667	0.24155921943627	0.514818947230397
"Schaffhausen_random_16_13"	0	1	0	1	1	0	1	1	0	1	0	0	1	0	1	0	0	0	1	1	1	1	1	0	1	0	1	1	1	1	2.288779	1.05098355555556	0.602599434308125	0.448384121247431
"Schaffhausen_random_17_13"	1	0	1	0	1	1	0	0	1	1	1	1	0	0	0	0	1	0	0	0	1	1	1	1	0	1	1	1	1	1	1.682967	0.714751055555556	0.461219881752995	0.253531173802561
"Schaffhausen_random_18_13"	0	0	1	1	1	0	1	1	0	1	1	0	0	1	1	1	1	0	0	0	0	1	1	1	1	1	1	0	1	0	2.212461	1.1291125	0.763918976804267	0.365193523195733
"Schaffhausen_random_19_13"	1	1	1	1	0	0	0	1	1	0	0	1	1	1	1	1	1	1	0	0	1	1	1	1	1	0	0	0	0	0	2.505165	1.49236344444444	1.01032713386829	0.482036310576158
"Schaffhausen_random_20_13"	1	1	1	1	1	0	1	1	0	1	0	1	0	1	1	0	0	1	1	0	0	0	1	0	1	0	1	1	1	0	2.11224	0.987004388888889	0.591273961949682	0.395730426939207
"Schaffhausen_random_21_13"	1	0	1	1	0	1	0	0	0	1	0	1	1	1	1	0	1	0	1	1	0	0	1	1	0	0	1	1	1	1	1.404479	0.465996888888889	0.243580199195829	0.22241668969306
"Schaffhausen_random_22_13"	1	1	1	1	1	1	0	1	1	1	0	0	0	1	1	1	1	1	1	0	1	0	1	0	0	0	1	0	0	0	1.45479	0.445957111111111	0.18013051435708	0.265826596754032
"Schaffhausen_random_23_13"	1	1	0	1	1	1	0	0	1	1	0	1	0	1	0	0	1	0	1	1	1	0	1	1	0	1	1	0	0	1	1.439807	0.540670388888889	0.292289172578314	0.248381216310575
"Schaffhausen_random_24_13"	0	1	0	1	1	1	1	0	1	0	0	1	1	0	1	0	0	1	0	1	1	1	1	1	0	0	1	1	1	0	1.570569	0.453456888888889	0.144052326588675	0.309404562300214
"Schaffhausen_random_25_13"	0	0	0	1	0	0	1	1	1	0	0	1	1	1	1	1	1	0	1	1	0	1	1	0	1	0	0	1	1	1	2.44877	1.21422855555556	0.728909029987624	0.485319525567932
"Schaffhausen_random_26_13"	1	0	1	0	1	1	1	1	1	1	0	0	1	0	1	1	1	1	0	0	0	0	0	1	1	0	1	1	1	0	2.149128	0.851624888888889	0.447206344871973	0.404418544016916
"Schaffhausen_random_27_13"	0	0	1	0	0	0	1	1	0	0	1	1	0	1	0	1	1	1	0	1	0	1	0	1	1	1	1	1	1	1	2.191079	0.897328611111111	0.556046830887364	0.341281780223747
"Schaffhausen_random_28_13"	0	1	1	0	1	1	0	0	0	1	0	1	0	0	1	0	1	1	1	1	1	0	1	1	1	1	1	1	0	0	1.97585	0.947267	0.697403486277793	0.249863513722207
"Schaffhausen_random_29_13"	1	0	0	1	1	1	1	0	0	1	0	1	0	1	1	0	1	1	0	0	0	1	1	1	1	0	0	1	1	1	2.583525	1.40794188888889	0.944730331603251	0.463211557285638
"Schaffhausen_random_30_13"	1	1	1	1	0	0	1	0	0	0	1	0	0	1	0	1	0	1	1	1	1	0	1	1	1	0	1	1	1	0	1.983355	0.895737555555556	0.583477292632254	0.312260262923302
