"assemblage"	"AVir"	"PMon"	"TBac"	"AAlb"	"PCem"	"LDec"	"BPen"	"QRob"	"PAbi"	"PSyl"	"PNig"	"AInc"	"UGla"	"TPla"	"AGlu"	"QPub"	"SAri"	"PTre"	"APla"	"TCor"	"SAlb"	"QPet"	"CAve"	"SAuc"	"FSyl"	"ACam"	"CSat"	"APse"	"FExc"	"CBet"	"productivity"	"DeltaY"	"Selection"	"Complementarity"
"Cottbus_increasing_17"	1	1	1	1	1	1	1	1	1	1	1	1	1	1	0	0	0	0	0	0	0	0	0	0	0	0	0	0	0	0	1.868253	1.43707514285714	0.505335370039426	0.931739772817717
"Cottbus_decreasing_17"	0	0	0	0	0	0	0	0	0	0	0	0	0	0	0	0	1	1	1	1	1	1	1	1	1	1	1	1	1	1	1.561677	1.180588	0.569313308029487	0.611274691970513
"Cottbus_random_1_17"	0	0	0	1	0	0	0	1	1	0	1	1	0	1	0	0	1	1	1	1	0	1	0	0	0	0	0	1	1	1	1.904282	1.5547225	0.672521076181803	0.882201423818198
"Cottbus_random_2_17"	0	0	0	1	0	1	0	0	1	0	0	0	1	0	0	1	0	0	1	1	0	1	0	0	1	1	1	1	1	1	1.632519	1.12359921428571	0.276690166410806	0.846909047874908
"Cottbus_random_3_17"	0	1	0	1	1	1	0	0	0	0	1	1	1	1	0	1	0	0	0	0	1	0	1	1	0	1	0	0	0	1	1.854991	1.46384107142857	-0.230801290153085	1.69464236158166
"Cottbus_random_4_17"	1	1	0	0	1	0	1	1	1	0	0	1	0	1	1	0	0	0	0	1	0	0	0	1	0	0	0	1	1	1	1.845742	1.498761	0.704296093353153	0.794464906646847
"Cottbus_random_5_17"	0	0	0	1	0	1	1	1	0	0	0	1	1	0	1	0	0	1	1	0	1	0	1	1	0	0	1	0	0	1	1.856616	1.48039985714286	0.862694799927555	0.617705057215302
"Cottbus_random_6_17"	0	1	1	1	0	0	1	0	1	0	0	0	1	1	0	0	0	0	1	0	0	1	1	1	0	0	1	1	0	1	1.512741	1.1850245	0.665013161383846	0.520011338616154
"Cottbus_random_7_17"	1	0	0	1	0	0	0	1	1	1	0	0	0	1	1	0	1	1	0	0	1	0	0	0	1	0	1	0	1	1	1.913495	1.51285014285714	0.64132515048308	0.871524992374063
"Cottbus_random_8_17"	1	1	0	1	1	0	0	1	0	1	0	1	0	0	1	0	1	0	0	1	1	0	0	0	0	0	1	0	1	1	1.874757	1.35123685714286	0.5557201284179	0.795516728724957
"Cottbus_random_9_17"	1	1	0	0	0	1	1	1	0	0	1	0	1	0	1	1	1	0	0	0	1	1	1	0	0	0	0	0	1	0	2.014675	1.49288842857143	0.0831193934011332	1.4097690351703
"Cottbus_random_10_17"	1	1	0	1	1	1	0	0	0	0	1	0	1	1	0	0	0	1	0	1	0	0	1	0	1	1	0	0	0	1	1.333315	0.965248285714286	-0.142446410091947	1.10769469580623
"Cottbus_random_11_17"	1	1	0	0	0	0	1	0	0	1	0	0	0	0	1	1	1	1	0	0	0	1	0	1	1	1	1	1	0	0	1.693011	1.08712235714286	0.408266284129379	0.678856073013478
"Cottbus_random_12_17"	1	0	0	0	1	1	1	0	0	1	1	1	1	0	1	1	0	1	1	0	0	0	0	0	0	0	0	1	1	0	1.622906	1.23571835714286	-0.39367885277184	1.6293972099147
"Cottbus_random_13_17"	1	1	1	0	1	1	0	0	0	0	0	1	1	1	0	0	0	1	1	1	0	0	0	1	0	0	1	0	0	1	1.487401	1.04903678571429	0.603808597038923	0.445228188675363
"Cottbus_random_14_17"	0	1	1	1	0	1	0	1	1	1	1	0	1	1	0	0	0	0	0	0	1	1	1	0	0	0	1	0	0	0	1.915252	1.34216907142857	0.272349128052934	1.06981994337564
"Cottbus_random_15_17"	0	1	1	1	1	1	0	1	0	0	0	1	0	0	1	1	0	1	1	0	0	1	0	0	0	1	0	0	0	1	2.089262	1.4788395	0.233038897800825	1.24580060219918
"Cottbus_random_16_17"	0	1	0	1	0	0	1	1	0	1	0	0	0	0	1	0	0	0	0	1	1	1	1	0	1	0	1	1	0	1	1.918652	1.33426414285714	0.457496940189724	0.876767202667418
"Cottbus_random_17_17"	1	0	1	0	1	1	0	0	1	1	1	1	0	0	0	0	1	0	0	0	1	0	0	1	0	1	0	1	1	0	1.469804	1.18712528571429	-0.270570733725929	1.45769601944021
"Cottbus_random_18_17"	0	0	1	1	1	0	1	1	0	0	1	0	0	1	1	1	0	0	0	0	0	1	1	1	0	1	0	0	1	0	2.045878	1.63922185714286	0.603589088450361	1.0356327686925
"Cottbus_random_19_17"	1	1	1	1	0	0	0	1	1	0	0	1	0	0	1	0	1	0	0	0	1	1	1	1	1	0	0	0	0	0	1.957807	1.60553835714286	0.684341541121994	0.921196816020863
"Cottbus_random_20_17"	0	1	0	0	0	0	1	1	0	1	0	1	0	1	1	0	0	1	1	0	0	0	1	0	1	0	1	1	1	0	1.872659	1.40384771428571	0.607428806127952	0.796418908157762
"Cottbus_random_21_17"	1	0	1	0	0	0	0	0	0	1	0	1	0	1	0	0	1	0	1	1	0	0	1	1	0	0	1	1	1	1	1.513781	1.20026864285714	0.790806291171343	0.4094623516858
"Cottbus_random_22_17"	1	1	0	1	1	0	0	0	1	1	0	0	0	1	1	1	1	1	0	0	1	0	1	0	0	0	1	0	0	0	1.619256	1.12654707142857	0.370804850162571	0.755742221266
"Cottbus_random_23_17"	1	1	0	1	1	1	0	0	0	0	0	1	0	1	0	0	0	0	1	1	1	0	1	1	0	0	1	0	0	1	1.46775	1.06889921428571	0.557597124479311	0.511302089806403
"Cottbus_random_24_17"	0	1	0	1	1	1	0	0	1	0	0	0	1	0	1	0	0	0	0	0	1	1	1	1	0	0	1	1	1	0	1.543165	1.123653	0.255024135080295	0.868628864919705
"Cottbus_random_25_17"	0	0	0	1	0	0	1	1	0	0	0	0	1	1	0	1	1	0	1	1	0	1	1	0	0	0	0	1	1	1	1.91607	1.48029307142857	0.686398879307589	0.793894192120983
"Cottbus_random_26_17"	1	0	1	0	1	1	0	1	1	1	0	0	0	0	1	1	1	1	0	0	0	0	0	1	1	0	1	0	0	0	1.941093	1.31055	0.479442642598088	0.831107357401912
"Cottbus_random_27_17"	0	0	1	0	0	0	1	1	0	0	0	0	0	1	0	1	1	1	0	1	0	1	0	1	1	1	1	0	1	0	1.967327	1.37692557142857	0.667991730678061	0.70893384075051
"Cottbus_random_28_17"	0	0	1	0	1	1	0	0	0	1	0	0	0	0	1	0	1	1	0	0	1	0	1	1	1	1	1	1	0	0	1.590591	1.16074171428571	0.473664998577614	0.687076715708101
"Cottbus_random_29_17"	0	0	0	1	1	1	1	0	0	0	0	1	0	1	0	0	1	1	0	0	0	0	1	1	1	0	0	1	1	1	1.619971	1.37694835714286	-0.198354054291777	1.57530241143463
"Cottbus_random_30_17"	1	1	1	1	0	0	0	0	0	0	1	0	0	0	0	1	0	1	1	1	0	0	1	1	1	0	1	0	1	0	1.593548	1.15911242857143	0.41344752682554	0.745664901745889
