"assemblage"	"AVir"	"PMon"	"TBac"	"AAlb"	"PCem"	"LDec"	"BPen"	"QRob"	"PAbi"	"PSyl"	"PNig"	"AInc"	"UGla"	"TPla"	"AGlu"	"QPub"	"SAri"	"PTre"	"APla"	"TCor"	"SAlb"	"QPet"	"CAve"	"SAuc"	"FSyl"	"ACam"	"CSat"	"APse"	"FExc"	"CBet"	"productivity"	"DeltaY"	"Selection"	"Complementarity"
"Schwerin_increasing_11"	1	1	1	1	1	1	1	1	1	1	1	1	1	1	1	1	1	1	1	1	0	0	0	0	0	0	0	0	0	0	1.387827	0.60260805	0.00864966753812924	0.593958382461871
"Schwerin_decreasing_11"	0	0	0	0	0	0	0	0	0	0	1	1	1	1	1	1	1	1	1	1	1	1	1	1	1	1	1	1	1	1	1.701065	0.96709375	0.567038191295153	0.400055558704847
"Schwerin_random_1_11"	1	1	1	1	1	0	0	1	1	0	1	1	1	1	0	0	1	1	1	1	0	1	0	0	1	0	0	1	1	1	2.183003	1.3842633	0.81201657316461	0.57224672683539
"Schwerin_random_2_11"	1	0	1	1	0	1	1	0	1	0	0	0	1	1	0	1	1	0	1	1	0	1	0	1	1	1	1	1	1	1	1.740875	0.87761815	0.535998876438235	0.341619273561765
"Schwerin_random_3_11"	0	1	0	1	1	1	0	0	0	0	1	1	1	1	0	1	0	1	0	1	1	1	1	1	1	1	0	1	1	1	2.370073	1.51039265	0.555697723265288	0.954694926734712
"Schwerin_random_4_11"	1	1	0	0	1	0	1	1	1	1	1	1	0	1	1	0	1	0	0	1	1	0	1	1	0	0	1	1	1	1	1.381589	0.76374365	0.50967682007547	0.25406682992453
"Schwerin_random_5_11"	0	1	0	1	1	1	1	1	0	1	0	1	1	1	1	1	0	1	1	0	1	0	1	1	0	0	1	1	0	1	1.325754	0.4720382	0.196614238024543	0.275423961975457
"Schwerin_random_6_11"	1	1	1	1	1	0	1	1	1	1	1	0	1	1	0	0	1	0	1	0	0	1	1	1	0	0	1	1	0	1	1.584377	0.83448255	0.527401935731386	0.307080614268614
"Schwerin_random_7_11"	1	1	0	1	0	0	1	1	1	1	0	0	0	1	1	0	1	1	0	0	1	1	1	1	1	1	1	0	1	1	1.832587	1.0320347	0.624366343150567	0.407668356849433
"Schwerin_random_8_11"	1	1	0	1	1	1	0	1	1	1	1	1	0	0	1	0	1	1	0	1	1	0	0	0	0	1	1	1	1	1	1.417397	0.6728281	0.344415589940756	0.328412510059244
"Schwerin_random_9_11"	1	1	0	0	0	1	1	1	1	0	1	0	1	1	1	1	1	0	0	0	1	1	1	1	1	1	1	0	1	0	1.831759	1.04191495	0.571437478350628	0.470477471649372
"Schwerin_random_10_11"	1	1	0	1	1	1	0	0	0	0	1	0	1	1	1	1	1	1	0	1	1	1	1	1	1	1	0	0	0	1	2.421115	1.59858875	0.604741973699659	0.993846776300341
"Schwerin_random_11_11"	1	1	0	0	1	0	1	0	0	1	0	1	1	0	1	1	1	1	0	1	0	1	1	1	1	1	1	1	1	0	1.718015	0.8678537	0.521867731508968	0.345985968491032
"Schwerin_random_12_11"	1	0	1	0	1	1	1	0	0	1	1	1	1	1	1	1	0	1	1	1	0	0	1	0	1	0	1	1	1	0	1.574457	0.76264425	0.4156276581033	0.3470165918967
"Schwerin_random_13_11"	1	1	1	0	1	1	0	1	0	1	0	1	1	1	0	1	0	1	1	1	0	0	1	1	0	0	1	1	1	1	1.389114	0.5122714	0.297293615072668	0.214977784927332
"Schwerin_random_14_11"	0	1	1	1	1	1	1	1	1	1	1	1	1	1	0	0	0	1	0	1	1	1	1	0	1	0	1	0	0	0	1.757852	0.84343625	0.396863499056003	0.446572750943997
"Schwerin_random_15_11"	1	1	1	1	1	1	1	1	1	0	0	1	1	0	1	1	1	1	1	0	0	1	1	0	0	1	0	0	0	1	1.975059	1.13952565	0.485335415816666	0.654190234183334
"Schwerin_random_16_11"	0	1	0	1	1	0	1	1	0	1	0	1	1	0	1	0	0	0	1	1	1	1	1	1	1	0	1	1	1	1	1.858797	1.045656	0.566315336046131	0.479340663953869
"Schwerin_random_17_11"	1	0	1	1	1	1	0	0	1	1	1	1	0	0	0	0	1	0	1	0	1	1	1	1	0	1	1	1	1	1	1.365751	0.7175694	0.435987332322908	0.281582067677092
"Schwerin_random_18_11"	1	0	1	1	1	0	1	1	0	1	1	0	1	1	1	1	1	0	0	0	0	1	1	1	1	1	1	0	1	0	1.813083	1.0566874	0.627942691185583	0.428744708814417
"Schwerin_random_19_11"	1	1	1	1	0	0	0	1	1	0	1	1	1	1	1	1	1	1	1	0	1	1	1	1	1	0	0	0	0	0	2.228283	1.54082885	0.798276495600886	0.742552354399114
"Schwerin_random_20_11"	1	1	1	1	1	0	1	1	0	1	1	1	1	1	1	0	0	1	1	0	0	0	1	0	1	0	1	1	1	0	1.636315	0.90427285	0.567272342670782	0.337000507329218
"Schwerin_random_21_11"	1	0	1	1	0	1	1	0	0	1	0	1	1	1	1	0	1	1	1	1	0	0	1	1	0	0	1	1	1	1	1.183175	0.4853062	0.293590622552983	0.191715577447017
"Schwerin_random_22_11"	1	1	1	1	1	1	0	1	1	1	1	1	0	1	1	1	1	1	1	0	1	0	1	0	0	0	1	0	0	0	1.314808	0.59936145	0.276667724697178	0.322693725302822
"Schwerin_random_23_11"	1	1	0	1	1	1	1	0	1	1	0	1	1	1	0	0	1	0	1	1	1	0	1	1	0	1	1	0	0	1	1.161388	0.48557585	0.332199989197537	0.153375860802463
"Schwerin_random_24_11"	1	1	0	1	1	1	1	0	1	0	0	1	1	0	1	0	0	1	0	1	1	1	1	1	0	1	1	1	1	0	1.352771	0.6422213	0.34348227520215	0.29873902479785
"Schwerin_random_25_11"	0	0	1	1	0	0	1	1	1	0	1	1	1	1	1	1	1	0	1	1	0	1	1	0	1	0	0	1	1	1	2.214963	1.4734678	0.807048808902447	0.666418991097553
"Schwerin_random_26_11"	1	1	1	0	1	1	1	1	1	1	0	0	1	0	1	1	1	1	0	1	0	0	0	1	1	0	1	1	1	0	1.632845	0.67727675	0.322339397032876	0.354937352967124
"Schwerin_random_27_11"	1	0	1	0	0	0	1	1	0	0	1	1	0	1	0	1	1	1	0	1	0	1	1	1	1	1	1	1	1	1	1.808963	0.96891115	0.592110240636514	0.376800909363486
"Schwerin_random_28_11"	0	1	1	0	1	1	0	0	0	1	0	1	0	0	1	0	1	1	1	1	1	1	1	1	1	1	1	1	0	1	1.735811	0.83589295	0.394543826403235	0.441349123596765
"Schwerin_random_29_11"	1	0	0	1	1	1	1	0	0	1	0	1	0	1	1	1	1	1	0	0	0	1	1	1	1	1	0	1	1	1	2.544269	1.6770919	0.837983824306718	0.839108075693282
"Schwerin_random_30_11"	1	1	1	1	0	1	1	0	0	0	1	0	0	1	0	1	1	1	1	1	1	0	1	1	1	0	1	1	1	0	1.548608	0.76896335	0.466149382862403	0.302813967137597
