"assemblage"	"AVir"	"PMon"	"TBac"	"AAlb"	"PCem"	"LDec"	"BPen"	"QRob"	"PAbi"	"PSyl"	"PNig"	"AInc"	"UGla"	"TPla"	"AGlu"	"QPub"	"SAri"	"PTre"	"APla"	"TCor"	"SAlb"	"QPet"	"CAve"	"SAuc"	"FSyl"	"ACam"	"CSat"	"APse"	"FExc"	"CBet"	"productivity"	"DeltaY"	"Selection"	"Complementarity"
"Schaffhausen_increasing_1"	1	1	1	1	1	1	1	1	1	1	1	1	1	1	1	1	1	1	1	1	1	1	1	1	1	1	1	1	1	1	2.270722	1.14708173333333	0.677243972980699	0.469837760352634
"Schaffhausen_decreasing_1"	1	1	1	1	1	1	1	1	1	1	1	1	1	1	1	1	1	1	1	1	1	1	1	1	1	1	1	1	1	1	2.260425	1.13678473333333	0.661956538289007	0.474828195044326
"Schaffhausen_random_1_1"	1	1	1	1	1	1	1	1	1	1	1	1	1	1	1	1	1	1	1	1	1	1	1	1	1	1	1	1	1	1	2.296952	1.17331173333333	0.716633021935849	0.456678711397485
"Schaffhausen_random_2_1"	1	1	1	1	1	1	1	1	1	1	1	1	1	1	1	1	1	1	1	1	1	1	1	1	1	1	1	1	1	1	2.263305	1.13966473333333	0.690585010306716	0.449079723026618
"Schaffhausen_random_3_1"	1	1	1	1	1	1	1	1	1	1	1	1	1	1	1	1	1	1	1	1	1	1	1	1	1	1	1	1	1	1	2.231061	1.10742073333333	0.703561990302207	0.403858743031127
"Schaffhausen_random_4_1"	1	1	1	1	1	1	1	1	1	1	1	1	1	1	1	1	1	1	1	1	1	1	1	1	1	1	1	1	1	1	2.316653	1.19301273333333	0.697939194497358	0.495073538835975
"Schaffhausen_random_5_1"	1	1	1	1	1	1	1	1	1	1	1	1	1	1	1	1	1	1	1	1	1	1	1	1	1	1	1	1	1	1	2.291484	1.16784373333333	0.695732102120134	0.472111631213199
"Schaffhausen_random_6_1"	1	1	1	1	1	1	1	1	1	1	1	1	1	1	1	1	1	1	1	1	1	1	1	1	1	1	1	1	1	1	2.346776	1.22313573333333	0.727419566238583	0.495716167094751
"Schaffhausen_random_7_1"	1	1	1	1	1	1	1	1	1	1	1	1	1	1	1	1	1	1	1	1	1	1	1	1	1	1	1	1	1	1	2.195057	1.07141673333333	0.667451738655194	0.403964994678139
"Schaffhausen_random_8_1"	1	1	1	1	1	1	1	1	1	1	1	1	1	1	1	1	1	1	1	1	1	1	1	1	1	1	1	1	1	1	2.295079	1.17143873333333	0.717307357171768	0.454131376161566
"Schaffhausen_random_9_1"	1	1	1	1	1	1	1	1	1	1	1	1	1	1	1	1	1	1	1	1	1	1	1	1	1	1	1	1	1	1	2.242344	1.11870373333333	0.671745693268937	0.446958040064396
"Schaffhausen_random_10_1"	1	1	1	1	1	1	1	1	1	1	1	1	1	1	1	1	1	1	1	1	1	1	1	1	1	1	1	1	1	1	2.268127	1.14448673333333	0.680536500567557	0.463950232765776
"Schaffhausen_random_11_1"	1	1	1	1	1	1	1	1	1	1	1	1	1	1	1	1	1	1	1	1	1	1	1	1	1	1	1	1	1	1	2.261111	1.13747073333333	0.664123248868009	0.473347484465325
"Schaffhausen_random_12_1"	1	1	1	1	1	1	1	1	1	1	1	1	1	1	1	1	1	1	1	1	1	1	1	1	1	1	1	1	1	1	2.221613	1.09797273333333	0.670211186868655	0.427761546464678
"Schaffhausen_random_13_1"	1	1	1	1	1	1	1	1	1	1	1	1	1	1	1	1	1	1	1	1	1	1	1	1	1	1	1	1	1	1	2.273342	1.14970173333333	0.666438484636568	0.483263248696766
"Schaffhausen_random_14_1"	1	1	1	1	1	1	1	1	1	1	1	1	1	1	1	1	1	1	1	1	1	1	1	1	1	1	1	1	1	1	2.232373	1.10873273333333	0.695843941787128	0.412888791546206
"Schaffhausen_random_15_1"	1	1	1	1	1	1	1	1	1	1	1	1	1	1	1	1	1	1	1	1	1	1	1	1	1	1	1	1	1	1	2.307751	1.18411073333333	0.684255523897676	0.499855209435657
"Schaffhausen_random_16_1"	1	1	1	1	1	1	1	1	1	1	1	1	1	1	1	1	1	1	1	1	1	1	1	1	1	1	1	1	1	1	2.303388	1.17974773333333	0.694917922819378	0.484829810513956
"Schaffhausen_random_17_1"	1	1	1	1	1	1	1	1	1	1	1	1	1	1	1	1	1	1	1	1	1	1	1	1	1	1	1	1	1	1	2.33188	1.20823973333333	0.735318191037035	0.472921542296299
"Schaffhausen_random_18_1"	1	1	1	1	1	1	1	1	1	1	1	1	1	1	1	1	1	1	1	1	1	1	1	1	1	1	1	1	1	1	2.235059	1.11141873333333	0.64216678558172	0.469251947751613
"Schaffhausen_random_19_1"	1	1	1	1	1	1	1	1	1	1	1	1	1	1	1	1	1	1	1	1	1	1	1	1	1	1	1	1	1	1	2.275003	1.15136273333333	0.690212144022061	0.461150589311273
"Schaffhausen_random_20_1"	1	1	1	1	1	1	1	1	1	1	1	1	1	1	1	1	1	1	1	1	1	1	1	1	1	1	1	1	1	1	2.213521	1.08988073333333	0.672601114742162	0.417279618591171
"Schaffhausen_random_21_1"	1	1	1	1	1	1	1	1	1	1	1	1	1	1	1	1	1	1	1	1	1	1	1	1	1	1	1	1	1	1	2.241285	1.11764473333333	0.658622715185573	0.45902201814776
"Schaffhausen_random_22_1"	1	1	1	1	1	1	1	1	1	1	1	1	1	1	1	1	1	1	1	1	1	1	1	1	1	1	1	1	1	1	2.255227	1.13158673333333	0.696450815918976	0.435135917414358
"Schaffhausen_random_23_1"	1	1	1	1	1	1	1	1	1	1	1	1	1	1	1	1	1	1	1	1	1	1	1	1	1	1	1	1	1	1	2.19296	1.06931973333333	0.656768346670353	0.412551386662981
"Schaffhausen_random_24_1"	1	1	1	1	1	1	1	1	1	1	1	1	1	1	1	1	1	1	1	1	1	1	1	1	1	1	1	1	1	1	2.226794	1.10315373333333	0.656863340212977	0.446290393120356
"Schaffhausen_random_25_1"	1	1	1	1	1	1	1	1	1	1	1	1	1	1	1	1	1	1	1	1	1	1	1	1	1	1	1	1	1	1	2.266498	1.14285773333333	0.699507230843668	0.443350502489665
"Schaffhausen_random_26_1"	1	1	1	1	1	1	1	1	1	1	1	1	1	1	1	1	1	1	1	1	1	1	1	1	1	1	1	1	1	1	2.336452	1.21281173333333	0.728762355825107	0.484049377508226
"Schaffhausen_random_27_1"	1	1	1	1	1	1	1	1	1	1	1	1	1	1	1	1	1	1	1	1	1	1	1	1	1	1	1	1	1	1	2.287632	1.16399173333333	0.701997295613024	0.461994437720309
"Schaffhausen_random_28_1"	1	1	1	1	1	1	1	1	1	1	1	1	1	1	1	1	1	1	1	1	1	1	1	1	1	1	1	1	1	1	2.303259	1.17961873333333	0.706235443936569	0.473383289396764
"Schaffhausen_random_29_1"	1	1	1	1	1	1	1	1	1	1	1	1	1	1	1	1	1	1	1	1	1	1	1	1	1	1	1	1	1	1	2.221383	1.09774273333333	0.647602106395673	0.450140626937661
"Schaffhausen_random_30_1"	1	1	1	1	1	1	1	1	1	1	1	1	1	1	1	1	1	1	1	1	1	1	1	1	1	1	1	1	1	1	2.255442	1.13180173333333	0.696423508853171	0.435378224480162
