"assemblage"	"AVir"	"PMon"	"TBac"	"AAlb"	"PCem"	"LDec"	"BPen"	"QRob"	"PAbi"	"PSyl"	"PNig"	"AInc"	"UGla"	"TPla"	"AGlu"	"QPub"	"SAri"	"PTre"	"APla"	"TCor"	"SAlb"	"QPet"	"CAve"	"SAuc"	"FSyl"	"ACam"	"CSat"	"APse"	"FExc"	"CBet"	"productivity"	"DeltaY"	"Selection"	"Complementarity"
"Basel_increasing_1"	1	1	1	1	1	1	1	1	1	1	1	1	1	1	1	1	1	1	1	1	1	1	1	1	1	1	1	1	1	1	2.124848	1.13321923333333	0.680827441198989	0.452391792134344
"Basel_decreasing_1"	1	1	1	1	1	1	1	1	1	1	1	1	1	1	1	1	1	1	1	1	1	1	1	1	1	1	1	1	1	1	2.183562	1.19193323333333	0.705462536940277	0.486470696393056
"Basel_random_1_1"	1	1	1	1	1	1	1	1	1	1	1	1	1	1	1	1	1	1	1	1	1	1	1	1	1	1	1	1	1	1	2.175938	1.18430923333333	0.707840016136342	0.476469217196991
"Basel_random_2_1"	1	1	1	1	1	1	1	1	1	1	1	1	1	1	1	1	1	1	1	1	1	1	1	1	1	1	1	1	1	1	2.134433	1.14280423333333	0.661755991194031	0.481048242139303
"Basel_random_3_1"	1	1	1	1	1	1	1	1	1	1	1	1	1	1	1	1	1	1	1	1	1	1	1	1	1	1	1	1	1	1	2.149242	1.15761323333333	0.701212205786378	0.456401027546955
"Basel_random_4_1"	1	1	1	1	1	1	1	1	1	1	1	1	1	1	1	1	1	1	1	1	1	1	1	1	1	1	1	1	1	1	2.090046	1.09841723333333	0.630695692452239	0.467721540881095
"Basel_random_5_1"	1	1	1	1	1	1	1	1	1	1	1	1	1	1	1	1	1	1	1	1	1	1	1	1	1	1	1	1	1	1	2.131253	1.13962423333333	0.711658532254262	0.427965701079072
"Basel_random_6_1"	1	1	1	1	1	1	1	1	1	1	1	1	1	1	1	1	1	1	1	1	1	1	1	1	1	1	1	1	1	1	2.12616	1.13453123333333	0.690270397866953	0.44426083546638
"Basel_random_7_1"	1	1	1	1	1	1	1	1	1	1	1	1	1	1	1	1	1	1	1	1	1	1	1	1	1	1	1	1	1	1	2.19929	1.20766123333333	0.680301259049055	0.527359974284279
"Basel_random_8_1"	1	1	1	1	1	1	1	1	1	1	1	1	1	1	1	1	1	1	1	1	1	1	1	1	1	1	1	1	1	1	2.171897	1.18026823333333	0.684495019243095	0.495773214090238
"Basel_random_9_1"	1	1	1	1	1	1	1	1	1	1	1	1	1	1	1	1	1	1	1	1	1	1	1	1	1	1	1	1	1	1	2.237198	1.24556923333333	0.697648365101733	0.547920868231601
"Basel_random_10_1"	1	1	1	1	1	1	1	1	1	1	1	1	1	1	1	1	1	1	1	1	1	1	1	1	1	1	1	1	1	1	2.211925	1.22029623333333	0.709386467108233	0.5109097662251
"Basel_random_11_1"	1	1	1	1	1	1	1	1	1	1	1	1	1	1	1	1	1	1	1	1	1	1	1	1	1	1	1	1	1	1	2.187154	1.19552523333333	0.671627152227094	0.523898081106239
"Basel_random_12_1"	1	1	1	1	1	1	1	1	1	1	1	1	1	1	1	1	1	1	1	1	1	1	1	1	1	1	1	1	1	1	2.162256	1.17062723333333	0.657975600579316	0.512651632754017
"Basel_random_13_1"	1	1	1	1	1	1	1	1	1	1	1	1	1	1	1	1	1	1	1	1	1	1	1	1	1	1	1	1	1	1	2.169514	1.17788523333333	0.711044350460277	0.466840882873057
"Basel_random_14_1"	1	1	1	1	1	1	1	1	1	1	1	1	1	1	1	1	1	1	1	1	1	1	1	1	1	1	1	1	1	1	2.188398	1.19676923333333	0.710593065775677	0.486176167557656
"Basel_random_15_1"	1	1	1	1	1	1	1	1	1	1	1	1	1	1	1	1	1	1	1	1	1	1	1	1	1	1	1	1	1	1	2.141304	1.14967523333333	0.682351111638257	0.467324121695076
"Basel_random_16_1"	1	1	1	1	1	1	1	1	1	1	1	1	1	1	1	1	1	1	1	1	1	1	1	1	1	1	1	1	1	1	2.109141	1.11751223333333	0.683107797374415	0.434404435958918
"Basel_random_17_1"	1	1	1	1	1	1	1	1	1	1	1	1	1	1	1	1	1	1	1	1	1	1	1	1	1	1	1	1	1	1	2.171522	1.17989323333333	0.69151945941546	0.488373773917873
"Basel_random_18_1"	1	1	1	1	1	1	1	1	1	1	1	1	1	1	1	1	1	1	1	1	1	1	1	1	1	1	1	1	1	1	2.138896	1.14726723333333	0.661127754185842	0.486139479147491
"Basel_random_19_1"	1	1	1	1	1	1	1	1	1	1	1	1	1	1	1	1	1	1	1	1	1	1	1	1	1	1	1	1	1	1	2.086632	1.09500323333333	0.675492884162589	0.419510349170744
"Basel_random_20_1"	1	1	1	1	1	1	1	1	1	1	1	1	1	1	1	1	1	1	1	1	1	1	1	1	1	1	1	1	1	1	2.120509	1.12888023333333	0.647507252561612	0.481372980771722
"Basel_random_21_1"	1	1	1	1	1	1	1	1	1	1	1	1	1	1	1	1	1	1	1	1	1	1	1	1	1	1	1	1	1	1	2.161627	1.16999823333333	0.711006673825235	0.458991559508099
"Basel_random_22_1"	1	1	1	1	1	1	1	1	1	1	1	1	1	1	1	1	1	1	1	1	1	1	1	1	1	1	1	1	1	1	2.17515	1.18352123333333	0.690647901599128	0.492873331734206
"Basel_random_23_1"	1	1	1	1	1	1	1	1	1	1	1	1	1	1	1	1	1	1	1	1	1	1	1	1	1	1	1	1	1	1	2.163193	1.17156423333333	0.675109673252579	0.496454560080754
"Basel_random_24_1"	1	1	1	1	1	1	1	1	1	1	1	1	1	1	1	1	1	1	1	1	1	1	1	1	1	1	1	1	1	1	2.131696	1.14006723333333	0.690689334785449	0.449377898547884
"Basel_random_25_1"	1	1	1	1	1	1	1	1	1	1	1	1	1	1	1	1	1	1	1	1	1	1	1	1	1	1	1	1	1	1	2.104338	1.11270923333333	0.686289389876459	0.426419843456874
"Basel_random_26_1"	1	1	1	1	1	1	1	1	1	1	1	1	1	1	1	1	1	1	1	1	1	1	1	1	1	1	1	1	1	1	2.17259	1.18096123333333	0.671451567876899	0.509509665456434
"Basel_random_27_1"	1	1	1	1	1	1	1	1	1	1	1	1	1	1	1	1	1	1	1	1	1	1	1	1	1	1	1	1	1	1	2.081377	1.08974823333333	0.667487128286515	0.422261105046818
"Basel_random_28_1"	1	1	1	1	1	1	1	1	1	1	1	1	1	1	1	1	1	1	1	1	1	1	1	1	1	1	1	1	1	1	2.141845	1.15021623333333	0.695528770627192	0.454687462706141
"Basel_random_29_1"	1	1	1	1	1	1	1	1	1	1	1	1	1	1	1	1	1	1	1	1	1	1	1	1	1	1	1	1	1	1	2.145939	1.15431023333333	0.677161958085631	0.477148275247702
"Basel_random_30_1"	1	1	1	1	1	1	1	1	1	1	1	1	1	1	1	1	1	1	1	1	1	1	1	1	1	1	1	1	1	1	2.253313	1.26168423333333	0.72324145321433	0.538442780119003
