"Dispersal.unit.dry.mass" "Fine.root.length.per.fine.root.dry.mass..specific.fine.root.length..SRL." "Leaf.area..in.case.of.compound.leaves.undefined.if.leaf.or.leaflet..undefined.if.petiole.is.in..or.excluded." "Leaf.area..in.case.of.compound.leaves..leaf..petiole.excluded." "Leaf.area..in.case.of.compound.leaves..leaf..petiole.included." "Leaf.area..in.case.of.compound.leaves..leaf..undefined.if.petiole.in..or.excluded." "Leaf.area..in.case.of.compound.leaves..leaflet..petiole.excluded." "Leaf.area..in.case.of.compound.leaves..leaflet..petiole.included." "Leaf.area..in.case.of.compound.leaves..leaflet..undefined.if.petiole.is.in..or.excluded." "Leaf.area.per.leaf.dry.mass..specific.leaf.area..SLA.or.1.LMA...petiole.excluded" "Leaf.area.per.leaf.dry.mass..specific.leaf.area..SLA.or.1.LMA...petiole.included" "Leaf.area.per.leaf.dry.mass..specific.leaf.area..SLA.or.1.LMA...undefined.if.petiole.is.in..or.excluded" "Leaf.carbon..C..isotope.signature..delta.13C." "Leaf.carbon.nitrogen..C.N..ratio" "Leaf.chlorophyll.content.per.leaf.dry.mass" "Leaf.dry.mass.per.leaf.fresh.mass..leaf.dry.matter.content..LDMC." "Leaf.lifespan..longevity." "Leaf.nitrogen..N..content.per.leaf.dry.mass" "Leaf.phosphorus..P..content.per.leaf.dry.mass" "Leaf.thickness" "Leaf.width" "Plant.height.vegetative" "Plant.lifespan..longevity." "Root.length.per.root.dry.mass..specific.root.length..SRL." "Root.rooting.depth" "Root.shoot.ratio" "Seed.dry.mass" "Species.environmental.indicator.value.according.to.Ellenberg..continentality" "Species.environmental.indicator.value.according.to.Ellenberg..light" "Species.environmental.indicator.value.according.to.Ellenberg..moisture" "Species.environmental.indicator.value.according.to.Ellenberg..nitrogen" "Species.environmental.indicator.value.according.to.Ellenberg..pH" "Species.environmental.indicator.value.according.to.Ellenberg..salt.tolerance" "Species.environmental.indicator.value.according.to.Ellenberg..temperature" "Stem.specific.density..SSD..or.wood.density..stem.dry.mass.per.stem.fresh.volume."
"Abies alba" NA 1286 269.302127659574 NA 11.9607142857143 27.4841 NA 41.68 27.4841 NA 7.46013311660717 7.41043297533103 -27.66 42.2207338529233 NA 0.522390793828887 98.4 12.83758737383 1.44999340421153 0.473838541666667 2.05 46.8438933333333 516.666666666667 NA NA NA 65.6128343137255 NA NA NA NA NA NA NA 0.42575852004481
"Acer campestre ssp. campestre" NA NA NA NA NA NA NA NA NA NA NA NA NA NA NA NA NA NA NA NA 7.5 12.5 NA NA NA NA NA NA NA NA NA NA NA NA NA
"Acer platanoides" 137.233333333333 1824.37559458333 17392.5 NA 8470.64333333333 6890.27383333333 7628.58967032967 NA 6846.15883333333 18.4735456922241 25.2103394506866 18.4137405493175 -27.21 45.319148936 NA 0.373651883412853 6 22.3190972261806 1.77871270839649 0.126491313131222 15 23.9153571428571 233.333333333333 2720 1.016 NA 120.956073413154 NA 4 5 7 6 0 5 0.537388530998473
"Acer pseudoplatanus" 106.962333333333 2592.45936984286 17392.5 8365.18333333333 8876.45833333334 9874.05666666667 8266.85610119048 NA 6203.98354609929 14.0624860815679 21.6235503481579 16.104038797444 -27.55 28.3057686665136 NA 0.352510929478933 6 24.243551516558 1.954292110829 0.170194596354375 NA 17.5401730769231 450 3200 0.6296 NA 87.9484671795214 2 3 5 5 4.66666666666667 0 4 0.491304513639731
"Alnus glutinosa" 1.197 2672.8942373 3162 3462.96666666667 3785.43333333334 1717.65555555556 3415.61076190476 NA 2153.98333333333 15.7812644228676 16.8795920431227 16.7975653712599 NA 33.943231167 4.93516243945 0.325161855752001 7.5 31.121098639449 2.13765873016191 0.122105555555556 5.5 22.7715625 126.923076923077 NA 0.2182 NA 1.82714549279442 NA 5 8 6 6 0 NA 0.421581915909347
"Alnus incana" 0.55 NA NA NA 2920.02 2185 2661.08 2721.438 2185 15.8518185133482 28.7516117074739 17.058532885579 -29.616666665 28.1072248803401 NA 0.233862793159609 3.6 31.2893703583666 1.47411029283818 NA 6.6 15.8344533333333 50 NA 0.5048 NA 1.16168555410932 NA 6 7 4 6 0 NA 0.484555
"Alnus viridis ssp. crispa" NA NA NA NA NA NA NA NA NA NA NA NA NA NA NA NA NA NA NA NA NA 3.048 NA NA 0.508 NA 0.351913496376811 NA NA NA NA NA NA NA NA
"Alnus viridis ssp. sinuata" NA NA NA NA NA NA NA NA NA NA NA NA NA NA NA NA NA NA NA NA NA 6.096 NA NA 0.254 NA 0.368342617980299 NA NA NA NA NA NA NA NA
"Betula pendula" 0.128333333333333 1942.03969025 1685.11183576812 1181.11111111111 1230.97166666667 993.955277777777 1159.77678197065 NA 1117.60703703704 14.3743824863365 19.5713511707354 16.4567376012138 NA 19.7452180846525 4.37687105075401 0.370211664161836 5.4 25.0588617948772 2.61041223040345 0.182736071428571 3.25 1.92440288250709 115 NA 0.5624 0.285495373142857 0.403996181696717 3 6 4 3 3.5 0 3 0.543260016531197
"Carpinus betulus" 63.9208571428571 2237.03037778571 3162 2021 2078.86527777778 2316.16 2412.05 2009.485 2316.16 32.1973368139731 26.2185173338636 15.0885795833333 -27.8333333333333 2 NA 0.254412142857143 6 23.4785714285714 2.28415099285714 0.15299755102 NA 21.3469069767442 152.222222222222 NA NA 0.260089686 42.2856289316239 NA 4 5 6 5 0 5 0.716935555555556
"Castanea sativa" NA NA 3162 NA 7243 7259.42222222222 7163.82592243187 NA 7259.42222222222 14.0713932921741 13.6425648021828 13.8623171908517 NA 21.5789159955217 NA 0.356479822373285 5 21.3049642857202 1.61618888888963 0.14927962962963 6.2 20.2526315789474 570 NA 0.04 NA 5668.06988008696 2 4 4 3.5 3.5 0 5 0.458350954795742
"Corylus avellana" 1041.95 NA 3162 4060 3937 3646.35395238095 4030.97238095238 NA 3444.19494047619 16.0247359342788 19.6427165000734 17.6078373329301 NA 12.140661208 NA 0.391478703058976 6 23.99576 1.69666666666515 0.127375925925926 NA 4.96208333333333 88 NA 0.03 NA 978.973305288461 3 3.5 4.33333333333333 5.25 4.5 0 3 0.510490562050271
"Fagus sylvatica" 254.349666666667 2394.60922101667 1978.47156498195 2027.7 1905.71964766839 2402.829 2022.93488721805 NA 1612.82450788136 14.2486875566496 28.5942356027787 29.1200270196269 NA 20.7485270615417 NA 0.433101193559713 9.0002400096004 23.4343838017675 1.42292399825712 0.133003287981927 NA 9.98348878923767 442.142857142857 NA 0.866666666666667 1.41751690699537 774.086914035088 2 2.33333333333333 4.33333333333333 4 2.5 0 4 0.662314979991487
"Fraxinus excelsior" 68.3181111111111 1323.76 3162 16047 14726.5916666667 13379.7988055154 1975.59134353742 NA 7013.5149382716 13.3535363152482 17.2303355674795 15.1508894150387 -26.4915 20.7714108135937 NA 0.341267965094372 5 23.2169696459158 1.82924926132851 0.175078869047692 NA 15.1797432432432 236.363636363636 NA 0.04 NA 57.9779529494849 2 3.5 5 5.5 6 0 4 0.599308995535558
"Larix decidua" NA 1539 NA 20.675 20.735 16.6225 19.9799128174887 NA 16.6225 9.8743729573187 NA 13.9069454626715 -27.4966666666667 30.1222222222222 NA 0.383184347017837 6 20.984144054045 1.90315963427167 0.253050154321358 0.075 35.1319887323944 529.5 NA 1.016 NA 5.92315893684369 NA 7 4.66666666666667 3 3.66666666666667 0 0 0.504277651644511
"Picea abies" NA 1394.252137935 103.709259259259 NA 22.2 19.8165 22.2 NA 18.62475 3.58853606550776 14.6262174766814 6.24614669426826 -26.4262962966667 38.5613534666098 10.5139524246186 0.408762601883033 103.2 12.9956154645045 1.15218172877647 0.584850308643333 NA 15.1060391013965 445.833333333333 NA 1.18434285714286 1.30839694386912 8.36336977419793 NA 7 3 4 1.5 0 0 0.456947793660138
"Pinus cembra" NA NA NA NA NA NA NA NA NA 3.30008175927273 NA NA -24.48 NA NA 0.46531785047 NA NA NA NA 1 15.7830188679245 928.571428571429 NA NA NA 244.956471363636 NA NA NA NA NA NA NA 0.471047327372873
"Pinus mugo" NA NA NA NA 5 NA NA NA NA NA NA 0.508 NA 65 NA NA NA NA NA NA 1.2 6.22674782608696 200 NA 0.4064 NA 14.5664137258788 NA NA NA NA NA NA NA 0.57407668465055
"Pinus sylvestris" NA 1426.31137483706 148.543529411765 71.7787878787879 145.891586206871 102.207394444444 71.6202482409681 137.904509689086 94.6098592592593 6.20566529008973 5.83837857533733 5.33054275661294 -20.8670116185422 39.3675408899644 2.1240949779282 0.406326172263785 33.4364444444444 12.5645898164948 1.14170143925775 1.33061810613935 0.243205882352941 12.1922396158771 490.833333333333 NA 1.25816923076923 0.340411977666667 7.71514310242187 NA 7 3 2 1 0 0 0.438777161447159
"Populus nigra" NA NA 3162 1558 2834.5 NA 2797.9 2880.73 NA 11.5430338160922 10.838 14.1425 NA 32.2558121635 NA 0.307846 9 17.6406428571429 1.20583333333333 0.236 6.25 28.6948157894737 221.428571428571 NA 0.8128 NA 0.77555 NA 6 8 7 7 0 NA 0.391505
"Populus tremula" NA 4091 1739 NA 2214.17806666667 2928.592 2350.35909090909 2139.0111875 2928.592 14.2580153288449 13.1293682373 14.9456904340927 -28.901555815 22.4721902825951 4.35 0.36415601093452 NA 24.9674450963365 1.33228643339872 0.17898655914 NA 21.4717285714286 110 NA NA 1.66621026425 0.224717017791313 3 5 4.33333333333333 5.25 4 0 3 0.413283
"Quercus petraea" 774.65 1696.66666666667 2605.63333333333 2790.42638888889 3175 3500.31666666667 3461.10105238095 NA 3500.31666666667 13.4254447317188 NA 19.9894935279938 -26.07 24.2768065487132 NA 0.439446214042998 7.5 21.3302343321772 1.65034848484924 0.204066541919259 7.33333333333333 27.456112345679 640 NA 0.895 0.210727969 1639.08569411765 3 4.5 4 3 2 0 4.5 0.607062984125248
"Quercus pubescens" NA NA NA NA 3969.25 3247.5 3757.02808152067 4426.9 3220 10.5941630600633 12.938 13.4090666666667 -27.2825 15.7622027535 NA 0.449311785714286 6.77260273972603 20.4759727272727 1.34 NA NA 16.9242424242424 500 NA NA NA 1479.094 3 3 1 2 4 NA 5 0.642639807891355
"Quercus robur" 2554.93 2914.172663 1251.07207728406 2697.55 3386.4708 4100.416 3041.23893197279 6493.3475 4091.586 13.9773829117195 14.9604513874022 10.5956662432593 NA 24.6228461734994 4.2182135 0.385275352622746 7.5 21.7690135821107 1.46206617595144 0.189663768115942 6 1.03023256028131 771.428571428571 NA 0.8 0.275701768285714 2892.89126153846 3 5.66666666666667 4.66666666666667 3.5 2.5 0 4.5 0.613168392390478
"Salix alba" NA NA 3162 NA 765.44 600 827.334 766.626 600 11.6560028857143 13.47 13.6017456952834 NA 42.3210822345 NA 0.277850541508 NA 28.306 NA NA NA 21.3779230769231 139.090909090909 NA 0.6096 NA 0.4595 NA 6 7.66666666666667 8 7.5 0 5 0.323876666666667
"Sorbus aria" 456.65 NA 3162 NA 6713.5 3611.66666666667 5930.383 5975.078 3780 20.9904152828571 24.015 15.7349534886861 NA 39.7094031625 NA 0.276277916666667 NA 5.881 5.10333333333333 0.144 6.5 10.9715 200 NA NA NA 98.6656547617857 4 5 3.66666666666667 3.6 5.66666666666667 0 3 0.68654
"Sorbus aucuparia subsp. maderensis" NA NA NA NA NA NA NA NA NA NA NA NA NA NA NA NA NA NA NA NA NA NA NA NA NA NA 4.59 NA NA NA NA NA NA NA NA
"Sorbus aucuparia subsp. sibirica" NA NA NA NA NA NA NA NA NA NA NA NA NA NA NA NA NA NA NA NA NA 3 NA NA NA NA NA NA NA NA NA NA NA NA NA
"Taxus baccata" NA NA 32 49.5 51.45 49.8766666666667 51.5889506063514 NA 49.815 7.4859270678528 NA 7.59262452489994 -25.37 65 NA 0.360858934463262 33 19.960774410798 1.72850427350427 0.292 2.25 16.590962962963 1130.76923076923 NA 0.9066 NA 53.7653285546197 2 3 3.5 4 6 0 3 0.616516023776938
"Tilia cordata" NA 1649.0836912 3162 NA 2630 2760.367 868.5 NA 2791.9564 28.0216314330349 NA 22.046351375105 -27.28 24.3315118931538 NA 0.280981595092025 4.8 24.3785748792222 2.38790573746154 0.14147048611125 NA 24.0976363636364 880 NA 0.6604 0.324264706 37.2453563696193 3 4 4 4.66666666666667 5.25 0 4 0.434117203516514
"Tilia platyphylla" NA NA NA NA NA NA NA NA NA NA NA NA NA NA NA NA NA NA 3.19 NA NA NA NA NA NA NA NA NA NA NA NA NA NA NA NA
"Ulmus glabra" 11.1842857142857 NA 3162 4165.28888888889 3679 3337.60222222222 4077.05307710728 4313.414 3134.87962962963 16.0972256434772 34.842 14.3508144146987 NA 2 NA 0.353532880504881 6 22.7212500333833 1.84569444444444 0.17683236882716 NA 34.1021739130435 357.142857142857 NA NA NA 10.68998037 NA 4 5 6 7 0 NA 0.600078149963099
