"Name" "SName" "Type" "S" "HMax" "AMax" "G" "DDMin" "WiTN" "WiTX" "THot" "TCo2Hot" "DrTol" "NTol" "Brow" "Ly" "La" "LQ" "ImmT" "ageMaturityForReproduction" "colorRGB" "A1max" "A2"
"1" "Abies alba" "AAlb" "E5" 73 60 700 117 641 -6 -3 25 45 0.23 3 5 0.05 1 2 -12000 1 "0;0;128" 0.53 1.5
"2" "Larix decidua" "LDec" "D2" 72 52 850 170 323 -11 -1 25 45 0.25 1 3 0.4 9 3 -12000 1 "255;105;0" 0.221 1.4
"3" "Picea abies" "PAbi" "E5" 96 58 930 171 385 -100 -1 26.5 45 0.15 2 2 0.1 5 3 -12000 1 "0;133;0" 0.53 1.5
"4" "Pinus cembra" "PCem" "E5" 40 26 1050 115 323 -11 -6 26.5 45 0.3 1 4 0.2 5 3 -12000 1 "0;189;0" 0.53 1.5
"5" "Pinus montana" "PMon" "E5" 46 23 300 138 436 -100 -3 26.5 45 0.37 1 3 0.4 9 3 -12000 1 "255;140;0" 0.53 1.5
"6" "Pinus sylvestris" "PSyl" "E4" 111 45 760 119 610 -100 1 26.5 45 0.37 1 3 0.3 9 3 -12000 1 "255;179;0" 0.346 1.4
"7" "Taxus baccata" "TBac" "E5" 40 22 2110 47 1011 -5 8 25 45 0.23 4 5 0.075 3 2 -12000 1 "0;191;191" 0.53 1.5
"8" "Acer campestre" "ACam" "D2" 100 23 170 156 1062 -100 8 25 45 0.33 3 4 0.1 5 2 -12000 1 "0;255;0" 0.221 1.4
"9" "Acer platanoides" "APla" "D3" 108 32 380 142 1042 -17 10 25 45 0.25 5 4 0.025 4 2 -12000 1 "206;206;206" 0.1084 1.7
"10" "Acer pseudoplatanus" "APse" "D3" 100 37 550 125 898 -100 8 25 45 0.25 4 4 0.025 4 2 -12000 1 "180;180;180" 0.1084 1.7
"11" "Alnus glutinosa" "AGlu" "D2" 111 31 240 250 898 -16 11 25 45 0.08 3 1 0.1 5 1 -12000 1 "75;255;75" 0.221 1.4
"12" "Alnus incana" "AInc" "D2" 80 22 150 266 610 -100 7 25 45 0.08 3 1 0.2 7 1 -12000 1 "255;0;0" 0.221 1.4
"13" "Alnus viridis" "AVir" "D2" 100 4 100 531 272 -100 -6 25 45 0.16 3 1 0.3 7 1 -12000 1 "255;82;82" 0.221 1.4
"14" "Betula pendula" "BPen" "D1" 108 29 220 278 610 -100 9 21.5 45 0.16 1 1 0.3 9 2 -12000 1 "255;203;82" 0.1768 1.4
"15" "Carpinus betulus" "CBet" "D3" 70 27 220 177 898 -9 9 25 45 0.25 4 2 0.075 3 1 -12000 1 "0;255;255" 0.1084 1.7
"16" "Castanea sativa" "CSat" "D3" 85 33 1510 142 1237 -100 10 25 45 0.33 3 1 0.1 5 2 -12000 1 "120;255;120" 0.1084 1.7
"17" "Corylus avellana" "CAve" "D3" 142 10 70 95 898 -16 9 25 45 0.33 2 2 0.2 6 1 -12000 1 "255;55;255" 0.1084 1.7
"18" "Fagus sylvatica" "FSyl" "D3" 64 45 430 191 723 -4 9 22 45 0.25 2 3 0.05 1 2 -12000 1 "64;64;255" 0.1084 1.7
"19" "Fraxinus excelsior" "FExc" "D2" 86 42 350 177 980 -17 8 25.5 45 0.16 5 3 0.075 6 1 -12000 1 "255;116;255" 0.221 1.4
"20" "Populus nigra" "PNig" "D2" 120 36 280 285 662 -100 12 27 45 0.08 4 2 0.1 5 2 -12000 1 "40;226;40" 0.221 1.4
"21" "Populus tremula" "PTre" "D2" 126 30 140 310 610 -100 9 27 45 0.25 2 2 0.2 7 2 -12000 1 "255;144;144" 0.221 1.4
"22" "Quercus petraea" "QPet" "D3" 66 45 860 195 785 -5 9 23.5 45 0.25 2 4 0.2 7 2 -12000 1 "255;184;184" 0.1084 1.7
"23" "Quercus pubescens" "QPub" "D3" 50 25 500 148 1011 -100 9 23.5 45 0.33 2 4 0.3 7 2 -12000 1 "222;50;50" 0.1084 1.7
"24" "Quercus robur" "QRob" "D3" 66 52 1060 195 1042 -17 9 23.5 45 0.33 2 4 0.3 9 2 -12000 1 "255;193;120" 0.1084 1.7
"25" "Salix alba" "SAlb" "D1" 80 27 170 278 1062 -100 12 25 45 0.08 3 2 0.1 5 2 -12000 1 "80;226;80" 0.1768 1.4
"26" "Sorbus aria" "SAri" "D2" 66 22 180 82 898 -100 12 25 45 0.33 4 4 0.2 7 1 -12000 1 "204;80;80" 0.221 1.4
"27" "Sorbus aucuparia" "SAuc" "D1" 107 19 110 167 498 -100 7 25 45 0.33 3 4 0.2 7 1 -12000 1 "196;108;108" 0.1768 1.4
"28" "Tilia cordata" "TCor" "D3" 106 30 940 114 1339 -19 8 25 45 0.33 4 2 0.1 5 2 -12000 1 "125;226;125" 0.1084 1.7
"29" "Tilia platyphyllos" "TPla" "D3" 127 39 960 110 1339 -100 8 25 45 0.25 5 2 0.075 3 2 -12000 1 "90;255;255" 0.1084 1.7
"30" "Ulmus glabra" "UGla" "D3" 127 43 480 153 1062 -16 11 25 45 0.25 5 3 0.075 3 1 -12000 1 "170;255;255" 0.1084 1.7
